0 0.71953125 0.4703125 0.1765625 0.12890625
0 0.40546875 0.49609375 0.1390625 0.08203125
0 0.89453125 0.584375 0.0203125 0.01875
0 0.275 0.321875 0.08125 0.0515625
0 0.56953125 0.825 0.0140625 0.02109375
0 0.75625 0.77734375 0.08125 0.028125
0 0.63125 0.390625 0.0625 0.07265625
0 0.67265625 0.64453125 0.2015625 0.12421875
0 0.725 0.840625 0.05 0.0421875
0 0.91953125 0.59765625 0.0203125 0.02578125
0 0.45078125 0.303125 0.0921875 0.084375
0 0.5734375 0.47421875 0.125 0.0890625
0 0.825 0.25859375 0.09375 0.178125
0 0.91953125 0.1125 0.1171875 0.1125
0 0.6546875 0.26796875 0.65 0.49296875
0 0.4 0.2484375 0.075 0.103125
0 0.46953125 0.6125 0.1046875 0.140625
0 0.8703125 0.60703125 0.040625 0.08671875
0 0.06328125 0.621875 0.0109375 0.0140625
0 0.72578125 0.41328125 0.0265625 0.0234375
0 0.6796875 0.359375 0.015625 0.05625
0 0.74453125 0.9578125 0.0109375 0.0140625
0 0.5390625 0.19140625 0.021875 0.03046875
0 0.13671875 0.24140625 0.1328125 0.05625
0 0.3953125 0.05546875 0.140625 0.02578125
0 0.11875 0.4984375 0.03125 0.04453125
0 0.41875 0.68203125 0.08125 0.08203125
0 0.39296875 0.140625 0.0203125 0.0421875
0 0.83046875 0.13125 0.1046875 0.0984375
0 0.38515625 0.07890625 0.2953125 0.13359375
0 0.28828125 0.33125 0.0109375 0.0140625