0 0.32265625 0.7296875 0.1796875 0.0421875
0 0.4765625 0.77109375 0.1 0.03046875
0 0.34921875 0.80859375 0.1953125 0.06796875
0 0.5375 0.59375 0.025 0.028125
0 0.36640625 0.40390625 0.0203125 0.0140625
0 0.40625 0.80625 0.0375 0.01640625
0 0.5234375 0.70546875 0.053125 0.01640625
0 0.3765625 0.4703125 0.196875 0.05859375
0 0.2921875 0.41640625 0.028125 0.01640625
0 0.16015625 0.58828125 0.0234375 0.01640625
0 0.21328125 0.44453125 0.0359375 0.06796875
0 0.26953125 0.565625 0.0296875 0.01875
0 0.36953125 0.4296875 0.0203125 0.0140625
0 0.05546875 0.3125 0.0078125 0.009375
0 0.43125 0.96328125 0.06875 0.04453125
0 0.3734375 0.628125 0.021875 0.01640625
0 0.70078125 0.02265625 0.0671875 0.04453125
0 0.40078125 0.575 0.0109375 0.046875
0 0.28046875 0.603125 0.0140625 0.0140625