0 0.45625 0.33984375 0.04375 0.02646484375
0 0.65390625 0.39609375 0.1328125 0.08271484375
0 0.61328125 0.48125 0.0453125 0.09677734375
0 0.0375 0.16796875 0.075 0.2234375
0 0.6203125 0.590625 0.4125 0.20634765625
0 0.84765625 0.65859375 0.0484375 0.0234375
0 0.5265625 0.49296875 0.1125 0.06728515625
0 0.1484375 0.8484375 0.115625 0.2
0 0.5546875 0.75546875 0.021875 0.0234375
0 0.88828125 0.64375 0.0234375 0.03447265625
0 0.0296875 0.06015625 0.053125 0.05791015625
0 0.51796875 0.37421875 0.0609375 0.0375
0 0.58046875 0.2953125 0.0109375 0.01572265625
0 0.55625 0.4 0.01875 0.0248046875
0 0.21328125 0.36796875 0.0546875 0.2703125
0 0.31796875 0.8796875 0.0171875 0.0341796875
0 0.2625 0.328125 0.03125 0.1685546875
0 0.39296875 0.528125 0.1390625 0.1873046875
0 0.90078125 0.8109375 0.1984375 0.31259765625
0 0.64453125 0.55078125 0.0265625 0.0375
0 0.77265625 0.89140625 0.0140625 0.0234375
0 0.67578125 0.8375 0.0140625 0.046875
0 0.18125 0.55546875 0.04375 0.05625
0 0.1 0.6140625 0.2 0.3470703125
0 0.58828125 0.409375 0.0078125 0.0126953125
0 0.74453125 0.84140625 0.0609375 0.05458984375
0 0.784375 0.59375 0.04375 0.07197265625