0 0.67734375 0.7296875 0.1796875 0.0408203125
0 0.5234375 0.77109375 0.1 0.02978515625
0 0.65078125 0.80859375 0.1953125 0.06728515625
0 0.4625 0.59375 0.025 0.028125
0 0.63359375 0.40390625 0.0203125 0.0140625
0 0.59375 0.80625 0.0375 0.01572265625
0 0.4765625 0.70546875 0.053125 0.01708984375
0 0.6234375 0.4703125 0.196875 0.05927734375
0 0.7078125 0.41640625 0.028125 0.01708984375
0 0.83984375 0.58828125 0.0234375 0.01708984375
0 0.78671875 0.44453125 0.0359375 0.06728515625
0 0.73046875 0.565625 0.0296875 0.01875
0 0.63046875 0.4296875 0.0203125 0.0154296875
0 0.94453125 0.3125 0.0078125 0.009375
0 0.56875 0.96328125 0.06875 0.04521484375
0 0.6265625 0.628125 0.021875 0.01572265625
0 0.29921875 0.02265625 0.0671875 0.04521484375
0 0.59921875 0.575 0.0109375 0.046875
0 0.71953125 0.603125 0.0140625 0.0126953125