0 0.53125 0.6734375 0.05 0.09072265625
0 0.74921875 0.8546875 0.0078125 0.009375
0 0.86796875 0.90390625 0.1515625 0.0515625
0 0.91796875 0.9359375 0.0296875 0.02177734375
0 0.62578125 0.81875 0.2296875 0.05322265625
0 0.8625 0.8078125 0.01875 0.046875
0 0.95 0.82421875 0.1 0.075
0 0.85703125 0.775 0.0109375 0.0126953125
0 0.69765625 0.51484375 0.0359375 0.0796875
0 0.96953125 0.56328125 0.0109375 0.01103515625
0 0.9 0.81484375 0.01875 0.0375
0 0.3609375 0.44296875 0.034375 0.0140625
0 0.80625 0.08046875 0.025 0.03916015625