0 0.403125 0.36328125 0.1625 0.05390625
0 0.49453125 0.7421875 0.0796875 0.03984375
0 0.63125 0.8296875 0.075 0.08203125
0 0.1046875 0.78828125 0.05 0.0140625
0 0.96796875 0.55625 0.0609375 0.06796875
0 0.51328125 0.4765625 0.0578125 0.03515625
0 0.9125 0.484375 0.175 0.084375
0 0.725 0.6015625 0.0875 0.06796875
0 0.609375 0.81640625 0.015625 0.028125
0 0.1484375 0.45390625 0.115625 0.0234375
0 0.9703125 0.43515625 0.059375 0.0328125
0 0.0125 0.86796875 0.025 0.009375
0 0.5625 0.690625 0.20625 0.1109375
0 0.1375 0.5703125 0.18125 0.1765625
0 0.89375 0.58125 0.0125 0.05625
0 0.1671875 0.746875 0.103125 0.09609375
0 0.384375 0.528125 0.275 0.1484375
0 0.321875 0.67265625 0.215625 0.05625
0 0.82890625 0.96328125 0.0484375 0.06328125
0 0.15 0.6984375 0.03125 0.0328125
0 0.49375 0.90234375 0.01875 0.03984375
0 0.32421875 0.7609375 0.0109375 0.02578125
0 0.2 0.95859375 0.03125 0.04921875
0 0.3859375 0.97890625 0.075 0.0234375
0 0.17265625 0.97734375 0.0296875 0.03984375
0 0.63203125 0.48203125 0.0390625 0.046875
0 0.41171875 0.64140625 0.0484375 0.02109375
0 0.67578125 0.684375 0.0734375 0.0421875
0 0.54921875 0.94375 0.0234375 0.0421875