0 0.96328125 0.584375 0.0109375 0.0126953125
0 0.57421875 0.98203125 0.0203125 0.02646484375
0 0.375 0.1984375 0.04375 0.04990234375
0 0.69296875 0.9484375 0.0078125 0.0154296875
0 0.5703125 0.21328125 0.00625 0.0140625
0 0.5671875 0.9671875 0.121875 0.05625
0 0.325 0.88125 0.08125 0.20927734375
0 0.5703125 0.9484375 0.009375 0.0154296875
0 0.11875 0.9703125 0.0375 0.03115234375
0 0.95625 0.546875 0.01875 0.028125
0 0.1046875 0.83125 0.025 0.0314453125
0 0.11171875 0.9234375 0.0265625 0.03447265625
0 0.27578125 0.68515625 0.0640625 0.05625
0 0.46328125 0.42265625 0.0390625 0.0515625
0 0.43125 0.61484375 0.0125 0.009375
0 0.46328125 0.69453125 0.0078125 0.009375
0 0.9 0.67578125 0.01875 0.01875
0 0.5484375 0.53984375 0.134375 0.0609375
0 0.7484375 0.82890625 0.028125 0.084375
0 0.125 0.86875 0.0625 0.046875
0 0.9625 0.4296875 0.025 0.0529296875
0 0.1625 0.80859375 0.0125 0.01103515625
0 0.16171875 0.94453125 0.0328125 0.02978515625