0 0.14453125 0.31953125 0.2484375 0.1921875
0 0.2 0.04453125 0.15 0.0859375
0 0.3625 0.20546875 0.03125 0.04765625
0 0.3671875 0.2515625 0.015625 0.03515625
0 0.43125 0.28984375 0.01875 0.01640625
0 0.84453125 0.56171875 0.3015625 0.1921875
0 0.3359375 0.328125 0.028125 0.04140625
0 0.8796875 0.97734375 0.0375 0.04140625
0 0.43671875 0.62109375 0.0234375 0.03984375
0 0.3875 0.30234375 0.1125 0.1546875
0 0.5515625 0.5125 0.475 0.7453125
0 0.9578125 0.98515625 0.04375 0.025
0 0.025 0.14296875 0.04375 0.13125
0 0.925 0.6375 0.13125 0.03984375