0 0.36953125 0.58125 0.0734375 0.02822265625
0 0.17890625 0.58046875 0.1171875 0.05625
0 0.4296875 0.66015625 0.109375 0.04541015625
0 0.42421875 0.74296875 0.1390625 0.08125
0 0.35 0.54375 0.075 0.0375
0 0.109375 0.371875 0.1875 0.11875
0 0.31171875 0.534375 0.0328125 0.01875
0 0.13125 0.82421875 0.09375 0.09375
0 0.93828125 0.06875 0.0109375 0.0125
0 0.7984375 0.1125 0.0125 0.025
0 0.94296875 0.11015625 0.0140625 0.02041015625
0 0.41875 0.22421875 0.0125 0.01875
0 0.51328125 0.56015625 0.0703125 0.05791015625