0 0.33515625 0.40859375 0.0265625 0.02578125
0 0.56640625 0.0875 0.0390625 0.07734375
0 0.38046875 0.58515625 0.0390625 0.0234375
0 0.33828125 0.196875 0.1640625 0.140625
0 0.575 0.47109375 0.04375 0.0328125
0 0.42421875 0.48828125 0.0828125 0.08671875
0 0.19453125 0.1125 0.0109375 0.01875
0 0.5796875 0.22265625 0.21875 0.215625
0 0.83828125 0.2109375 0.0484375 0.0703125
0 0.31640625 0.678125 0.0140625 0.02578125
0 0.51171875 0.01640625 0.0078125 0.0328125
0 0.51171875 0.0734375 0.0203125 0.03984375
0 0.54453125 0.46953125 0.0390625 0.06328125
0 0.0171875 0.97578125 0.028125 0.03984375
0 0.5234375 0.75078125 0.08125 0.07265625
0 0.46015625 0.01484375 0.0078125 0.0296875
0 0.27890625 0.21640625 0.0171875 0.02578125
0 0.4578125 0.084375 0.171875 0.16875
0 0.47265625 0.3078125 0.0484375 0.07265625
0 0.35703125 0.53828125 0.0234375 0.028125
0 0.50078125 0.62421875 0.0234375 0.05390625
0 0.3875 0.65546875 0.03125 0.0515625
0 0.065625 0.64296875 0.01875 0.04453125
0 0.41875 0.15703125 0.0125 0.0234375
0 0.40625 0.59921875 0.1 0.103125
0 0.040625 0.5875 0.0125 0.028125
0 0.39921875 0.04765625 0.0140625 0.04921875
0 0.4578125 0.7109375 0.059375 0.05390625
0 0.3890625 0.69453125 0.01875 0.02578125
0 0.0375 0.11015625 0.06875 0.121875
0 0.43671875 0.7625 0.0109375 0.02109375
0 0.64921875 0.70859375 0.0296875 0.02578125
0 0.04921875 0.6109375 0.0953125 0.0890625
0 0.4875 0.48828125 0.01875 0.05390625
0 0.8546875 0.23046875 0.015625 0.02109375
0 0.73828125 0.59609375 0.0515625 0.05859375
0 0.68671875 0.55703125 0.0734375 0.028125
0 0.5890625 0.5453125 0.04375 0.0796875
0 0.28125 0.040625 0.09375 0.08125
0 0.84765625 0.38984375 0.0796875 0.07265625
0 0.521875 0.34921875 0.009375 0.0140625
0 0.01328125 0.55 0.0203125 0.0234375
0 0.04453125 0.13125 0.0140625 0.028125
0 0.57890625 0.596875 0.0203125 0.046875
0 0.56328125 0.63203125 0.0359375 0.0375