0 0.90703125 0.31953125 0.0140625 0.028125
0 0.45 0.9578125 0.15 0.0703125
0 0.04453125 0.36484375 0.0734375 0.11953125
0 0.23671875 0.91328125 0.0140625 0.028125
0 0.1265625 0.6125 0.0125 0.0140625
0 0.49375 0.41875 0.0125 0.01640625
0 0.225 0.91328125 0.00625 0.01875
0 0.25546875 0.96484375 0.0171875 0.028125
0 0.15625 0.353125 0.08125 0.05859375
0 0.1328125 0.11640625 0.065625 0.03046875
0 0.89453125 0.29921875 0.0109375 0.01171875
0 0.02265625 0.325 0.0171875 0.02109375
0 0.18828125 0.7703125 0.0078125 0.009375
0 0.81328125 0.275 0.1515625 0.09375
0 0.21953125 0.87890625 0.0078125 0.01171875
0 0.19921875 0.83125 0.0359375 0.0421875
0 0.17578125 0.1984375 0.1234375 0.07265625
0 0.05 0.34296875 0.00625 0.009375
0 0.4359375 0.128125 0.13125 0.03515625
0 0.028125 0.34765625 0.0125 0.0234375
0 0.18046875 0.79921875 0.0171875 0.02578125
0 0.196875 0.009375 0.05625 0.01875
0 0.2359375 0.93515625 0.0625 0.10546875
0 0.31015625 0.3125 0.0265625 0.028125
0 0.42890625 0.390625 0.0140625 0.01640625
0 0.11328125 0.178125 0.0140625 0.009375
0 0.20078125 0.14765625 0.2484375 0.0703125
0 0.25 0.140625 0.05 0.01875
0 0.43671875 0.37578125 0.0328125 0.0234375
0 0.48671875 0.871875 0.0328125 0.03515625
0 0.0390625 0.96484375 0.009375 0.01875
0 0.11171875 0.1546875 0.0484375 0.01875
0 0.24296875 0.33828125 0.0171875 0.01875
0 0.046875 0.121875 0.09375 0.0328125
0 0.16328125 0.1515625 0.0359375 0.01171875
0 0.57578125 0.66328125 0.0828125 0.02578125
0 0.30546875 0.27734375 0.4515625 0.2484375
0 0.7875 0.7359375 0.13125 0.04921875