0 0.55625 0.76796875 0.03125 0.028125
0 0.69921875 0.84453125 0.0421875 0.09208984375
0 0.584375 0.7203125 0.103125 0.15634765625
0 0.41875 0.71875 0.16875 0.075
0 0.46328125 0.98984375 0.0296875 0.01103515625
0 0.26953125 0.44140625 0.0640625 0.13291015625
0 0.375 0.47578125 0.2 0.084375
0 0.80625 0.8921875 0.21875 0.0375
0 0.8828125 0.00703125 0.01875 0.0140625
0 0.65 0.765625 0.08125 0.084375
0 0.40625 0.6359375 0.00625 0.02177734375
0 0.2875 0.978125 0.1125 0.03115234375
0 0.6546875 0.61015625 0.053125 0.02646484375
0 0.37109375 0.9734375 0.0296875 0.04384765625
0 0.60625 0.490625 0.04375 0.06259765625
0 0.24921875 0.93359375 0.0109375 0.02041015625
0 0.20078125 0.35 0.0078125 0.01240234375
0 0.2875 0.8875 0.01875 0.0126953125