0 0.8875 0.51171875 0.1 0.1359375
0 0.45 0.334375 0.01875 0.01640625
0 0.93203125 0.2515625 0.0359375 0.1453125
0 0.90390625 0.47890625 0.0140625 0.01875
0 0.44375 0.4953125 0.0125 0.028125
0 0.52890625 0.27109375 0.0484375 0.05390625
0 0.90703125 0.8625 0.1359375 0.05390625
0 0.3890625 0.31015625 0.00625 0.01875
0 0.58203125 0.33671875 0.0265625 0.03046875
0 0.68203125 0.321875 0.0109375 0.0328125
0 0.26171875 0.27734375 0.0109375 0.0140625
0 0.45625 0.359375 0.04375 0.0328125
0 0.68671875 0.64765625 0.0765625 0.065625
0 0.18828125 0.2078125 0.0140625 0.01171875
0 0.80078125 0.9296875 0.0578125 0.0703125
0 0.625 0.590625 0.0375 0.08671875
0 0.47265625 0.4609375 0.0421875 0.03984375
0 0.5484375 0.41328125 0.09375 0.16875
0 0.478125 0.325 0.05 0.03984375
0 0.69453125 0.7390625 0.0546875 0.065625
0 0.43828125 0.4703125 0.0203125 0.03515625
0 0.84375 0.52109375 0.00625 0.0140625
0 0.5828125 0.91328125 0.046875 0.028125
0 0.74453125 0.1 0.0109375 0.01171875
0 0.0421875 0.04921875 0.015625 0.0140625
0 0.68671875 0.5140625 0.1828125 0.36640625
0 0.4984375 0.1546875 0.009375 0.009375
0 0.6625 0.803125 0.0625 0.1125
0 0.71328125 0.4515625 0.0109375 0.01640625
0 0.93125 0.31796875 0.00625 0.01171875
0 0.63046875 0.7109375 0.0546875 0.0796875
0 0.8265625 0.89453125 0.0125 0.01875
0 0.01015625 0.7484375 0.0171875 0.046875
0 0.09921875 0.20390625 0.1203125 0.075
0 0.5546875 0.94609375 0.015625 0.01875
0 0.55390625 0.9578125 0.0703125 0.0421875
0 0.7359375 0.68515625 0.028125 0.0375
0 0.78828125 0.78046875 0.1015625 0.284375
0 0.57578125 0.30859375 0.0734375 0.12421875
0 0.09453125 0.91328125 0.0140625 0.0234375
0 0.23125 0.29609375 0.08125 0.0703125
0 0.9359375 0.64453125 0.00625 0.01171875
0 0.3265625 0.178125 0.18125 0.1453125
0 0.5265625 0.9 0.065625 0.03984375
0 0.58515625 0.13515625 0.0078125 0.01171875
0 0.61875 0.35703125 0.0375 0.0703125
0 0.55546875 0.2484375 0.0140625 0.0328125
0 0.50078125 0.871875 0.0484375 0.03984375
0 0.46875 0.79375 0.075 0.05625
0 0.52578125 0.93515625 0.0296875 0.03046875
0 0.72578125 0.9390625 0.0859375 0.09375
0 0.53046875 0.21328125 0.0578125 0.084375