0 0.64453125 0.38828125 0.0390625 0.04921875
0 0.0375 0.71328125 0.025 0.0375
0 0.7109375 0.25859375 0.190625 0.0703125
0 0.71171875 0.45390625 0.1015625 0.02109375
0 0.403125 0.11875 0.1875 0.16640625
0 0.61171875 0.303125 0.6828125 0.28671875
0 0.7625 0.35 0.0625 0.065625
0 0.2703125 0.26171875 0.178125 0.13828125
0 0.51953125 0.35 0.0734375 0.084375
0 0.61328125 0.9296875 0.1296875 0.05625
0 0.0625 0.6984375 0.025 0.04453125
0 0.04921875 0.3625 0.0984375 0.12890625
0 0.01640625 0.50234375 0.0328125 0.0609375
0 0.37265625 0.96953125 0.0234375 0.046875
0 0.55625 0.52734375 0.13125 0.06328125
0 0.18203125 0.284375 0.0140625 0.01875
0 0.61875 0.71328125 0.1125 0.0421875
0 0.02421875 0.8734375 0.0078125 0.009375
0 0.05625 0.053125 0.01875 0.02578125