0 0.2875 0.78671875 0.0375 0.0234375
0 0.21875 0.553125 0.05 0.06328125
0 0.225 0.79921875 0.0375 0.01171875
0 0.215625 0.22890625 0.021875 0.03515625
0 0.21875 0.74140625 0.0375 0.1265625
0 0.28515625 0.26796875 0.0265625 0.140625
0 0.2484375 0.43515625 0.128125 0.12421875
0 0.3046875 0.42578125 0.025 0.04921875
0 0.08125 0.7546875 0.1625 0.04453125
0 0.26328125 0.33671875 0.0390625 0.04453125
0 0.4359375 0.3921875 0.0125 0.0796875
0 0.23046875 0.14453125 0.0453125 0.06328125
0 0.20625 0.278125 0.075 0.18046875