0 0.7125 0.78671875 0.0375 0.0234375
0 0.78125 0.553125 0.05 0.06259765625
0 0.775 0.79921875 0.0375 0.01103515625
0 0.784375 0.22890625 0.021875 0.03583984375
0 0.78125 0.74140625 0.0375 0.1265625
0 0.71484375 0.26796875 0.0265625 0.140625
0 0.7515625 0.43515625 0.128125 0.12353515625
0 0.6953125 0.42578125 0.025 0.04853515625
0 0.91875 0.7546875 0.1625 0.04384765625
0 0.73671875 0.33671875 0.0390625 0.04521484375
0 0.5640625 0.3921875 0.0125 0.0783203125
0 0.76953125 0.14453125 0.0453125 0.06396484375
0 0.79375 0.278125 0.075 0.18115234375