0 0.0546875 0.6 0.021875 0.03115234375
0 0.58125 0.378125 0.40625 0.64365234375
0 0.13203125 0.6 0.0203125 0.05322265625
0 0.0921875 0.59296875 0.009375 0.05458984375
0 0.5421875 0.14453125 0.071875 0.11416015625
0 0.51328125 0.18515625 0.0265625 0.0328125
0 0.46875 0.20390625 0.025 0.103125
0 0.81796875 0.58671875 0.0953125 0.084375
0 0.3859375 0.65 0.196875 0.1251953125
0 0.56640625 0.5140625 0.0546875 0.09375
0 0.603125 0.24609375 0.015625 0.009375
0 0.63203125 0.2359375 0.0265625 0.02509765625
0 0.46796875 0.2296875 0.0109375 0.01875
0 0.33125 0.9703125 0.025 0.01240234375
0 0.70546875 0.4390625 0.2796875 0.09375