0 0.7828125 0.69765625 0.059375 0.21875
0 0.78671875 0.80234375 0.0359375 0.009375
0 0.78671875 0.5328125 0.0578125 0.07802734375
0 0.7953125 0.17421875 0.021875 0.0328125
0 0.55703125 0.35859375 0.0109375 0.05458984375
0 0.75234375 0.39296875 0.1140625 0.10791015625
0 0.7296875 0.434375 0.028125 0.03447265625
0 0.57421875 0.4890625 0.0640625 0.50927734375
0 0.71875 0.78828125 0.04375 0.0234375
0 0.80546875 0.2375 0.0828125 0.19697265625
0 0.72578125 0.11875 0.0203125 0.01572265625
0 0.75703125 0.1484375 0.0546875 0.028125