0 0.075 0.728125 0.03125 0.0314453125
0 0.1640625 0.728125 0.0375 0.046875
0 0.46484375 0.0375 0.0078125 0.0126953125
0 0.48828125 0.56171875 0.0484375 0.01875
0 0.94609375 0.621875 0.1046875 0.07197265625
0 0.95703125 0.82421875 0.0859375 0.084375
0 0.7484375 0.98984375 0.01875 0.01103515625
0 0.5828125 0.01953125 0.0125 0.03583984375
0 0.4859375 0.04921875 0.1 0.046875
0 0.0140625 0.5796875 0.009375 0.02177734375
0 0.815625 0.47890625 0.021875 0.02041015625
0 0.26875 0.734375 0.10625 0.10615234375
0 0.93671875 0.4875 0.0453125 0.0501953125
0 0.68125 0.62265625 0.075 0.0234375
0 0.60234375 0.303125 0.0109375 0.01240234375
0 0.59921875 0.31484375 0.0484375 0.07333984375
0 0.43125 0.25546875 0.1625 0.075
0 0.22734375 0.71796875 0.0078125 0.01103515625
0 0.00234375 0.159375 0.0046875 0.0126953125
0 0.3125 0.76953125 0.0125 0.01103515625
0 0.1765625 0.87578125 0.01875 0.0140625
0 0.86875 0.47421875 0.03125 0.06396484375
0 0.85859375 0.415625 0.0265625 0.04052734375
0 0.41875 0.38984375 0.075 0.05791015625
0 0.753125 0.253125 0.028125 0.0248046875
0 0.56171875 0.6359375 0.1015625 0.07197265625
0 0.5875 0.2890625 0.0125 0.01240234375
0 0.19921875 0.7046875 0.0078125 0.0154296875
0 0.39453125 0.4015625 0.0109375 0.01240234375
0 0.60859375 0.775 0.0390625 0.0314453125
0 0.37421875 0.771875 0.0078125 0.01240234375
0 0.95625 0.58203125 0.01875 0.06396484375
0 0.1453125 0.54765625 0.146875 0.0515625
0 0.1953125 0.6828125 0.009375 0.01240234375
0 0.73984375 0.6453125 0.0734375 0.03447265625
0 0.04453125 0.75546875 0.0734375 0.03583984375
0 0.6078125 0.934375 0.371875 0.1185546875
0 0.55703125 0.4296875 0.4390625 0.06259765625
0 0.64921875 0.2953125 0.0140625 0.0375
0 0.003125 0.58046875 0.00625 0.0234375
0 0.075 0.6671875 0.05625 0.1279296875
0 0.96171875 0.35 0.0765625 0.05322265625
0 0.75625 0.51953125 0.175 0.05625