0 0.7296875 0.5234375 0.034375 0.04921875
0 0.86875 0.56328125 0.025 0.03046875
0 0.8734375 0.06328125 0.015625 0.009375
0 0.99765625 0.4109375 0.0046875 0.01171875
0 0.86875 0.65703125 0.08125 0.08671875
0 0.35 0.03359375 0.00625 0.01171875
0 0.44921875 0.78671875 0.0296875 0.028125
0 0.81796875 0.5984375 0.0109375 0.02109375
0 0.43125 0.5921875 0.00625 0.01875
0 0.7 0.64609375 0.025 0.0234375
0 0.996875 0.77890625 0.00625 0.02109375
0 0.471875 0.98671875 0.075 0.0265625
0 0.56953125 0.76328125 0.0984375 0.0234375
0 0.43828125 0.93828125 0.0703125 0.11015625
0 0.73515625 0.5796875 0.1140625 0.20859375
0 0.475 0.61953125 0.0125 0.03515625
0 0.925 0.08515625 0.14375 0.07265625
0 0.88125 0.87734375 0.0375 0.21796875
0 0.1796875 0.26328125 0.04375 0.05390625
0 0.4546875 0.7671875 0.0125 0.01171875
0 0.79375 0.765625 0.14375 0.0375
0 0.4390625 0.75859375 0.009375 0.0140625
0 0.4546875 0.46484375 0.01875 0.01640625
0 0.47265625 0.4875 0.0078125 0.0140625
0 0.77421875 0.53828125 0.0203125 0.0375
0 0.2109375 0.38984375 0.140625 0.07265625
0 0.59375 0.35390625 0.0125 0.0140625