0 0.20390625 0.8125 0.1484375 0.084375
0 0.30546875 0.659375 0.0703125 0.0375
0 0.196875 0.9859375 0.040625 0.0234375
0 0.353125 0.621875 0.05 0.0375
0 0.946875 0.59375 0.034375 0.0234375
0 0.5046875 0.89453125 0.009375 0.0140625
0 0.32421875 0.09375 0.1953125 0.0375
0 0.83125 0.53984375 0.1625 0.0375
0 0.0625 0.86875 0.09375 0.028125
0 0.634375 0.45390625 0.075 0.03515625
0 0.0765625 0.46015625 0.153125 0.0796875
0 0.32265625 0.68515625 0.0390625 0.0234375
0 0.6171875 0.91328125 0.20625 0.16875
0 0.7484375 0.58828125 0.025 0.02109375
0 0.14921875 0.91640625 0.1609375 0.15234375
0 0.12890625 0.85078125 0.0671875 0.02578125
0 0.7453125 0.59375 0.24375 0.0890625
0 0.45078125 0.146875 0.2015625 0.12890625
0 0.38125 0.42265625 0.025 0.084375
0 0.63125 0.090625 0.16875 0.13828125
0 0.20703125 0.54375 0.0328125 0.02578125
0 0.76796875 0.28046875 0.0515625 0.13359375
0 0.39375 0.08671875 0.025 0.01875
0 0.55625 0.4890625 0.03125 0.2703125
0 0.2703125 0.1796875 0.059375 0.08203125
0 0.28515625 0.28671875 0.0859375 0.1125
0 0.42265625 0.39765625 0.0703125 0.11484375
0 0.36796875 0.28984375 0.1265625 0.19921875
0 0.68125 0.4953125 0.0125 0.009375
0 0.18046875 0.39765625 0.0453125 0.08671875
0 0.384375 0.87578125 0.378125 0.2109375