0 0.13671875 0.8609375 0.0234375 0.0375
0 0.38828125 0.94609375 0.0609375 0.0328125
0 0.825 0.44140625 0.01875 0.03046875
0 0.49296875 0.69375 0.0171875 0.05625
0 0.58671875 0.23984375 0.0734375 0.0609375
0 0.8984375 0.23046875 0.03125 0.0609375
0 0.88046875 0.290625 0.1171875 0.25625
0 0.96171875 0.75546875 0.0515625 0.11328125
0 0.39921875 0.78359375 0.0765625 0.0703125
0 0.09375 0.97421875 0.025 0.028125
0 0.15546875 0.675 0.0328125 0.10390625
0 0.67890625 0.66484375 0.0171875 0.03046875
0 0.83046875 0.7296875 0.0515625 0.0984375
0 0.56640625 0.41328125 0.0609375 0.09140625
0 0.5484375 0.7609375 0.04375 0.05390625
0 0.203125 0.8703125 0.40625 0.17890625
0 0.94375 0.5609375 0.0125 0.01640625