0 0.44375 0.76796875 0.03125 0.028125
0 0.30078125 0.84453125 0.0421875 0.09140625
0 0.415625 0.7203125 0.103125 0.15703125
0 0.58125 0.71875 0.16875 0.075
0 0.53671875 0.98984375 0.0296875 0.01171875
0 0.73046875 0.44140625 0.0640625 0.13359375
0 0.625 0.47578125 0.2 0.084375
0 0.19375 0.8921875 0.21875 0.0375
0 0.1171875 0.00703125 0.01875 0.0140625
0 0.35 0.765625 0.08125 0.084375
0 0.59375 0.6359375 0.00625 0.02109375
0 0.7125 0.978125 0.1125 0.03046875
0 0.3453125 0.61015625 0.053125 0.02578125
0 0.62890625 0.9734375 0.0296875 0.04453125
0 0.39375 0.490625 0.04375 0.06328125
0 0.75078125 0.93359375 0.0109375 0.02109375
0 0.79921875 0.35 0.0078125 0.01171875
0 0.7125 0.8875 0.01875 0.0140625