0 0.28046875 0.4703125 0.1765625 0.12822265625
0 0.59453125 0.49609375 0.1390625 0.08271484375
0 0.10546875 0.584375 0.0203125 0.01875
0 0.725 0.321875 0.08125 0.0501953125
0 0.43046875 0.825 0.0140625 0.02177734375
0 0.24375 0.77734375 0.08125 0.028125
0 0.36875 0.390625 0.0625 0.07197265625
0 0.32734375 0.64453125 0.2015625 0.12353515625
0 0.275 0.840625 0.05 0.0435546875
0 0.08046875 0.59765625 0.0203125 0.02646484375
0 0.54921875 0.303125 0.0921875 0.084375
0 0.4265625 0.47421875 0.125 0.0890625
0 0.175 0.25859375 0.09375 0.178125
0 0.08046875 0.1125 0.1171875 0.1125
0 0.3453125 0.26796875 0.65 0.49228515625
0 0.6 0.2484375 0.075 0.103125
0 0.53046875 0.6125 0.1046875 0.140625
0 0.1296875 0.60703125 0.040625 0.08603515625
0 0.93671875 0.621875 0.0109375 0.0126953125
0 0.27421875 0.41328125 0.0265625 0.0234375
0 0.3203125 0.359375 0.015625 0.05625
0 0.25546875 0.9578125 0.0109375 0.0154296875
0 0.4609375 0.19140625 0.021875 0.02978515625
0 0.86328125 0.24140625 0.1328125 0.05625
0 0.6046875 0.05546875 0.140625 0.02646484375
0 0.88125 0.4984375 0.03125 0.04384765625
0 0.58125 0.68203125 0.08125 0.08271484375
0 0.60703125 0.140625 0.0203125 0.0435546875
0 0.16953125 0.13125 0.1046875 0.0998046875
0 0.61484375 0.07890625 0.2953125 0.13291015625
0 0.71171875 0.33125 0.0109375 0.0126953125