0 0.4796875 0.8046875 0.04384765625 0.03125
0 0.14453125 0.9734375 0.04521484375 0.046875
0 0.2390625 0.65546875 0.0220703125 0.0140625
0 0.571875 0.6296875 0.09677734375 0.028125
0 0.609375 0.8265625 0.02509765625 0.040625
0 0.1125 0.71328125 0.0623046875 0.0484375
0 0.58671875 0.84453125 0.01875 0.0296875
0 0.29921875 0.8671875 0.06728515625 0.065625
0 0.26171875 0.74296875 0.12021484375 0.0296875
0 0.65 0.375 0.1373046875 0.125
0 0.2390625 0.93046875 0.178125 0.1359375
0 0.140625 0.3265625 0.1125 0.05
0 0.284375 0.7 0.37509765625 0.1
0 0.43203125 0.8984375 0.09375 0.06875
0 0.26796875 0.41171875 0.0328125 0.0796875