0 0.35546875 0.38828125 0.0390625 0.04853515625
0 0.9625 0.71328125 0.025 0.0375
0 0.2890625 0.25859375 0.190625 0.0703125
0 0.28828125 0.45390625 0.1015625 0.02041015625
0 0.596875 0.11875 0.1875 0.16572265625
0 0.38828125 0.303125 0.6828125 0.28740234375
0 0.2375 0.35 0.0625 0.065625
0 0.7296875 0.26171875 0.178125 0.13896484375
0 0.48046875 0.35 0.0734375 0.084375
0 0.38671875 0.9296875 0.1296875 0.05625
0 0.9375 0.6984375 0.025 0.04384765625
0 0.95078125 0.3625 0.0984375 0.12822265625
0 0.98359375 0.50234375 0.0328125 0.0609375
0 0.62734375 0.96953125 0.0234375 0.046875
0 0.44375 0.52734375 0.13125 0.06396484375
0 0.81796875 0.284375 0.0140625 0.01875
0 0.38125 0.71328125 0.1125 0.0421875
0 0.97578125 0.8734375 0.0078125 0.009375
0 0.94375 0.053125 0.01875 0.02509765625