0 0.64375 0.8640625 0.1125 0.0970703125
0 0.8796875 0.6109375 0.10625 0.103125
0 0.10546875 0.61796875 0.1359375 0.0890625
0 0.9265625 0.9015625 0.01875 0.0220703125
0 0.31796875 0.54296875 0.1390625 0.0890625
0 0.1390625 0.98515625 0.090625 0.02646484375
0 0.59609375 0.46953125 0.0796875 0.27958984375
0 0.93359375 0.421875 0.0703125 0.065625
0 0.4640625 0.53828125 0.146875 0.0984375
0 0.946875 0.2390625 0.09375 0.0408203125
0 0.96328125 0.5828125 0.0734375 0.290625
0 0.35703125 0.790625 0.0296875 0.02509765625