0 0.79140625 0.40078125 0.1765625 0.0515625
0 0.95546875 0.24140625 0.0421875 0.0984375
0 0.6984375 0.7671875 0.015625 0.03447265625
0 0.40546875 0.21796875 0.0515625 0.084375
0 0.371875 0.728125 0.084375 0.0623046875
0 0.35625 0.60546875 0.075 0.04853515625
0 0.86875 0.275 0.01875 0.02177734375
0 0.38046875 0.33046875 0.0328125 0.0328125
0 0.825 0.50703125 0.01875 0.02646484375
0 0.975 0.2421875 0.0125 0.01240234375
0 0.88515625 0.15703125 0.0484375 0.0375
0 0.97265625 0.6078125 0.0140625 0.02177734375
0 0.6328125 0.4015625 0.009375 0.01240234375
0 0.53828125 0.690625 0.0203125 0.1373046875
0 0.9359375 0.81484375 0.09375 0.09375
0 0.75625 0.04921875 0.06875 0.0515625
0 0.50625 0.68046875 0.16875 0.16103515625
0 0.5625 0.65703125 0.01875 0.13291015625
0 0.28046875 0.4265625 0.0171875 0.0220703125
0 0.27578125 0.40390625 0.2640625 0.27958984375
0 0.775 0.65703125 0.20625 0.26416015625
0 0.84140625 0.19453125 0.0109375 0.0140625
0 0.6 0.45078125 0.0625 0.12021484375
0 0.05546875 0.87578125 0.0515625 0.0328125
0 0.95 0.35703125 0.1 0.25146484375
0 0.94296875 0.253125 0.0140625 0.01875
0 0.859375 0.95 0.021875 0.06259765625
0 0.52265625 0.78125 0.0078125 0.01240234375
0 0.76796875 0.16640625 0.2296875 0.24375
0 0.2046875 0.3140625 0.071875 0.075
0 0.4125 0.7703125 0.05625 0.0595703125
0 0.89453125 0.63203125 0.0109375 0.0140625
0 0.48828125 0.20625 0.2515625 0.24375
0 0.4796875 0.3171875 0.096875 0.05927734375
0 0.73828125 0.34921875 0.0078125 0.009375
0 0.21328125 0.63359375 0.0078125 0.01103515625
0 0.91328125 0.79375 0.0078125 0.0126953125
0 0.82890625 0.66484375 0.0109375 0.0140625
0 0.79765625 0.89921875 0.0234375 0.046875
0 0.94140625 0.91484375 0.0078125 0.01708984375
0 0.68046875 0.6953125 0.0203125 0.0341796875
0 0.49296875 0.5 0.0578125 0.06259765625
0 0.95546875 0.953125 0.0109375 0.0126953125
0 0.05546875 0.03828125 0.0109375 0.02646484375
0 0.5359375 0.2390625 0.0125 0.0220703125