0 0.56015625 0.1125 0.0296875 0.03427734375
0 0.784375 0.7703125 0.065625 0.1408203125
0 0.49296875 0.10234375 0.0828125 0.0671875
0 0.94921875 0.846875 0.0953125 0.12802734375
0 0.39453125 0.21328125 0.0421875 0.0796875
0 0.6515625 0.95 0.103125 0.04072265625
0 0.56875 0.471875 0.0125 0.0125
0 0.9796875 0.30078125 0.01875 0.05
0 0.93046875 0.96640625 0.0296875 0.05458984375
0 0.82578125 0.1140625 0.0171875 0.02802734375
0 0.76640625 0.6859375 0.1515625 0.04375
0 0.53046875 0.56171875 0.0390625 0.0671875
0 0.68515625 0.7703125 0.1578125 0.12177734375
0 0.12421875 0.325 0.0953125 0.05625
0 0.54296875 0.346875 0.0734375 0.175
0 0.52421875 0.94453125 0.2484375 0.10166015625
0 0.028125 0.66484375 0.009375 0.01083984375
0 0.9125 0.06484375 0.16875 0.1296875
0 0.33828125 0.71953125 0.1515625 0.10166015625
0 0.0875 0.8765625 0.00625 0.0125
0 0.16171875 0.178125 0.0953125 0.04697265625
0 0.7375 0.6296875 0.05625 0.02802734375
0 0.73515625 0.26015625 0.0671875 0.10166015625
0 0.10390625 0.928125 0.0171875 0.02802734375
0 0.33828125 0.30546875 0.0640625 0.06083984375
0 0.60546875 0.50078125 0.1109375 0.1375
0 0.38515625 0.44140625 0.1171875 0.1359375
0 0.53671875 0.49375 0.0671875 0.0873046875
0 0.18828125 0.02578125 0.0609375 0.04833984375
0 0.82421875 0.24921875 0.1078125 0.06083984375
0 0.49296875 0.159375 0.1484375 0.04697265625