0 0.79140625 0.08203125 0.1359375 0.0609375
0 0.890625 0.6859375 0.04921875 0.015625
0 0.0140625 0.10625 0.028125 0.0125
0 0.41875 0.234375 0.17109375 0.0875
0 0.15390625 0.1171875 0.02109375 0.04375
0 0.25859375 0.53125 0.178125 0.09375
0 0.9578125 0.35625 0.01875 0.01875
0 0.4015625 0.16796875 0.215625 0.0734375
0 0.16328125 0.5890625 0.19453125 0.090625
0 0.1703125 0.153125 0.340625 0.109375
0 0.2921875 0.78671875 0.08203125 0.0484375
0 0.42265625 0.2421875 0.0140625 0.01875
0 0.0375 0.5875 0.0703125 0.0625
0 0.5625 0.14921875 0.21328125 0.0296875
0 0.69609375 0.825 0.06328125 0.0375
0 0.61953125 0.27890625 0.25390625 0.1421875
0 0.27109375 0.83125 0.20859375 0.05
0 0.03984375 0.78828125 0.01875 0.0203125
0 0.6984375 0.78828125 0.06796875 0.0484375
0 0.04140625 0.0328125 0.08203125 0.059375