0 0.09296875 0.31953125 0.0140625 0.028125
0 0.55 0.9578125 0.15 0.0716796875
0 0.95546875 0.36484375 0.0734375 0.12021484375
0 0.76328125 0.91328125 0.0140625 0.028125
0 0.8734375 0.6125 0.0125 0.0126953125
0 0.50625 0.41875 0.0125 0.01572265625
0 0.775 0.91328125 0.00625 0.01875
0 0.74453125 0.96484375 0.0171875 0.028125
0 0.84375 0.353125 0.08125 0.05927734375
0 0.8671875 0.11640625 0.065625 0.02978515625
0 0.10546875 0.29921875 0.0109375 0.01103515625
0 0.97734375 0.325 0.0171875 0.02177734375
0 0.81171875 0.7703125 0.0078125 0.009375
0 0.18671875 0.275 0.1515625 0.09375
0 0.78046875 0.87890625 0.0078125 0.01103515625
0 0.80078125 0.83125 0.0359375 0.0435546875
0 0.82421875 0.1984375 0.1234375 0.07197265625
0 0.95 0.34296875 0.00625 0.009375
0 0.5640625 0.128125 0.13125 0.03447265625
0 0.971875 0.34765625 0.0125 0.0234375
0 0.81953125 0.79921875 0.0171875 0.02646484375
0 0.803125 0.009375 0.05625 0.01875
0 0.7640625 0.93515625 0.0625 0.10478515625
0 0.68984375 0.3125 0.0265625 0.028125
0 0.57109375 0.390625 0.0140625 0.01572265625
0 0.88671875 0.178125 0.0140625 0.009375
0 0.79921875 0.14765625 0.2484375 0.0703125
0 0.75 0.140625 0.05 0.01875
0 0.56328125 0.37578125 0.0328125 0.0234375
0 0.51328125 0.871875 0.0328125 0.03447265625
0 0.9609375 0.96484375 0.009375 0.01875
0 0.88828125 0.1546875 0.0484375 0.01875
0 0.75703125 0.33828125 0.0171875 0.01875
0 0.953125 0.121875 0.09375 0.0314453125
0 0.83671875 0.1515625 0.0359375 0.01240234375
0 0.42421875 0.66328125 0.0828125 0.02646484375
0 0.69453125 0.27734375 0.4515625 0.2484375
0 0.2125 0.7359375 0.13125 0.04990234375