0 0.20859375 0.08203125 0.1359375 0.0609375
0 0.109375 0.6859375 0.04990234375 0.015625
0 0.9859375 0.10625 0.028125 0.0125
0 0.58125 0.234375 0.17177734375 0.0875
0 0.84609375 0.1171875 0.02041015625 0.04375
0 0.74140625 0.53125 0.178125 0.09375
0 0.0421875 0.35625 0.01875 0.01875
0 0.5984375 0.16796875 0.215625 0.0734375
0 0.83671875 0.5890625 0.19521484375 0.090625
0 0.8296875 0.153125 0.340625 0.109375
0 0.7078125 0.78671875 0.08134765625 0.0484375
0 0.57734375 0.2421875 0.0140625 0.01875
0 0.9625 0.5875 0.0689453125 0.0625
0 0.4375 0.14921875 0.21259765625 0.0296875
0 0.30390625 0.825 0.06396484375 0.0375
0 0.38046875 0.27890625 0.25458984375 0.1421875
0 0.72890625 0.83125 0.20791015625 0.05
0 0.96015625 0.78828125 0.01875 0.0203125
0 0.3015625 0.78828125 0.06865234375 0.0484375
0 0.95859375 0.0328125 0.08271484375 0.059375