0 0.20546875 0.7484375 0.0390625 0.065625
0 0.41953125 0.72265625 0.1109375 0.0609375
0 0.096875 0.38125 0.00625 0.01171875
0 0.04453125 0.78984375 0.0109375 0.03046875
0 0.11640625 0.3921875 0.0703125 0.065625
0 0.16171875 0.859375 0.0078125 0.0234375
0 0.40625 0.13515625 0.03125 0.07734375
0 0.49296875 0.1453125 0.0765625 0.1453125
0 0.08515625 0.36640625 0.0078125 0.0140625
0 0.090625 0.409375 0.028125 0.01640625
0 0.27421875 0.7296875 0.4453125 0.25859375
0 0.91953125 0.340625 0.1453125 0.30078125