0 0.76640625 0.61953125 0.0765625 0.05625
0 0.52578125 0.41328125 0.0484375 0.0328125
0 0.46796875 0.4890625 0.0109375 0.01240234375
0 0.88671875 0.353125 0.0703125 0.10615234375
0 0.68515625 0.28984375 0.0171875 0.01103515625
0 0.95625 0.33828125 0.06875 0.01875
0 0.6125 0.59375 0.04375 0.0623046875
0 0.63125 0.765625 0.08125 0.046875
0 0.9859375 0.48203125 0.0125 0.01708984375
0 0.8984375 0.775 0.05 0.046875
0 0.8375 0.31796875 0.01875 0.03583984375
0 0.81171875 0.7453125 0.0453125 0.04990234375
0 0.6421875 0.48203125 0.025 0.01103515625
0 0.9578125 0.71328125 0.084375 0.09375
0 0.92578125 0.7484375 0.0171875 0.0220703125
0 0.98671875 0.66640625 0.0265625 0.0328125
0 0.3046875 0.17265625 0.0125 0.07666015625
0 0.7 0.359375 0.1125 0.084375
0 0.803125 0.81953125 0.05625 0.028125
0 0.95078125 0.534375 0.0171875 0.01240234375
0 0.96640625 0.51796875 0.0546875 0.08603515625
0 0.9875 0.9578125 0.0125 0.0220703125
0 0.33828125 0.121875 0.2171875 0.1185546875
0 0.23828125 0.09765625 0.0109375 0.01103515625
0 0.19296875 0.340625 0.1078125 0.0876953125
0 0.7265625 0.7359375 0.025 0.02177734375
0 0.8859375 0.30625 0.034375 0.03447265625
0 0.821875 0.7109375 0.340625 0.2404296875
0 0.91484375 0.42578125 0.1703125 0.08603515625