0 0.42578125 0.75546875 0.0140625 0.02578125
0 0.38828125 0.69296875 0.0109375 0.028125
0 0.296875 0.5546875 0.01875 0.0234375
0 0.4375 0.159375 0.05625 0.075
0 0.13828125 0.75625 0.0734375 0.0515625
0 0.42421875 0.66171875 0.0203125 0.01640625
0 0.0515625 0.45234375 0.103125 0.1359375
0 0.35078125 0.65703125 0.0890625 0.18046875
0 0.78046875 0.91484375 0.0140625 0.02109375
0 0.0484375 0.1484375 0.009375 0.02578125
0 0.09296875 0.896875 0.0421875 0.0375
0 0.52265625 0.63125 0.0296875 0.04453125
0 0.67890625 0.896875 0.0265625 0.0421875