0 0.51328125 0.8578125 0.0609375 0.0234375
0 0.7484375 0.440625 0.084375 0.059375
0 0.51875 0.78515625 0.025 0.0328125
0 0.60625 0.13203125 0.0375 0.028125
0 0.659375 0.45859375 0.065625 0.0234375
0 0.70625 0.5046875 0.04375 0.03984375
0 0.5390625 0.88203125 0.053125 0.0234375
0 0.6046875 0.5875 0.028125 0.01640625
0 0.5265625 0.73671875 0.08125 0.03515625
0 0.53828125 0.9125 0.0484375 0.0234375
0 0.71015625 0.3828125 0.0546875 0.0234375
0 0.5546875 0.684375 0.06875 0.05
0 0.55078125 0.46796875 0.0671875 0.0234375
0 0.71953125 0.4578125 0.0265625 0.01640625
0 0.8125 0.32421875 0.05625 0.0328125
0 0.57421875 0.84296875 0.0234375 0.04453125
0 0.49375 0.946875 0.05625 0.01640625
0 0.93828125 0.18359375 0.1046875 0.0828125
0 0.43515625 0.70234375 0.0703125 0.0328125
0 0.52421875 0.5234375 0.0671875 0.02578125
0 0.47265625 0.63203125 0.0765625 0.03046875
0 0.5 0.57578125 0.05625 0.01640625
0 0.60625 0.56953125 0.0375 0.0234375
0 0.81875 0.57421875 0.0125 0.028125
0 0.88671875 0.2375 0.0515625 0.03515625
0 0.41328125 0.76015625 0.0328125 0.01640625
0 0.4984375 0.97421875 0.03125 0.01875
0 0.91953125 0.20234375 0.0421875 0.01171875
0 0.64453125 0.4984375 0.0359375 0.0234375
0 0.59140625 0.3890625 0.0578125 0.01640625
0 0.45078125 0.82265625 0.0671875 0.08515625
0 0.45 0.678125 0.04375 0.01875
0 0.60078125 0.7953125 0.1078125 0.21484375
0 0.98125 0.1515625 0.025 0.01875
0 0.61171875 0.68359375 0.0328125 0.01875
0 0.72421875 0.340625 0.1078125 0.0234375
0 0.94375 0.37578125 0.025 0.05234375
0 0.75 0.97421875 0.03125 0.0421875
0 0.84921875 0.2484375 0.0515625 0.0140625
0 0.56953125 0.428125 0.0703125 0.0375
0 0.51171875 0.690625 0.0203125 0.0234375