0 0.18046875 0.02890625 0.0203125 0.0140625
0 0.0625 0.32734375 0.01875 0.153125
0 0.21328125 0.55859375 0.0140625 0.0140625
0 0.18125 0.37734375 0.0375 0.0921875
0 0.56015625 0.55 0.0359375 0.05859375
0 0.134375 0.9375 0.021875 0.0359375
0 0.27578125 0.67109375 0.0359375 0.028125
0 0.08125 0.125 0.0125 0.0390625
0 0.28671875 0.9625 0.0234375 0.03046875
0 0.3375 0.28671875 0.08125 0.20625
0 0.08125 0.59453125 0.01875 0.05859375
0 0.15078125 0.2296875 0.0265625 0.05859375
0 0.40546875 0.76640625 0.0234375 0.09453125
0 0.2171875 0.51953125 0.103125 0.0921875
0 0.34375 0.8328125 0.1 0.2171875
0 0.2625 0.6 0.025 0.075
0 0.11953125 0.5484375 0.0140625 0.02265625
0 0.30546875 0.4484375 0.0265625 0.03359375
0 0.23046875 0.2296875 0.0546875 0.13671875
0 0.0890625 0.65625 0.021875 0.06953125
0 0.7703125 0.63125 0.175 0.45390625
0 0.09140625 0.70078125 0.0140625 0.03046875