0 0.2171875 0.69765625 0.059375 0.21875
0 0.21328125 0.80234375 0.0359375 0.009375
0 0.21328125 0.5328125 0.0578125 0.07734375
0 0.2046875 0.17421875 0.021875 0.0328125
0 0.44296875 0.35859375 0.0109375 0.05390625
0 0.24765625 0.39296875 0.1140625 0.10859375
0 0.2703125 0.434375 0.028125 0.03515625
0 0.42578125 0.4890625 0.0640625 0.50859375
0 0.28125 0.78828125 0.04375 0.0234375
0 0.19453125 0.2375 0.0828125 0.19765625
0 0.27421875 0.11875 0.0203125 0.01640625
0 0.24296875 0.1484375 0.0546875 0.028125