0 0.51328125 0.3921875 0.0140625 0.03447265625
0 0.89140625 0.95 0.0359375 0.04990234375
0 0.73125 0.46015625 0.05 0.15771484375
0 0.41171875 0.54921875 0.0234375 0.02646484375
0 0.54453125 0.34765625 0.0234375 0.02646484375
0 0.35078125 0.596875 0.0265625 0.0623046875
0 0.3296875 0.59609375 0.025 0.06396484375
0 0.6 0.21640625 0.025 0.02041015625
0 0.5625 0.3328125 0.025 0.028125
0 0.4609375 0.734375 0.096875 0.14365234375
0 0.95625 0.43828125 0.06875 0.0890625
0 0.32421875 0.671875 0.0421875 0.0998046875
0 0.5421875 0.43359375 0.05 0.2109375
0 0.1875 0.775 0.01875 0.0375