0 0.16875 0.634375 0.0625 0.01875
0 0.56640625 0.97421875 0.0578125 0.01875
0 0.80078125 0.74140625 0.0328125 0.04453125
0 0.93515625 0.453125 0.0296875 0.0234375
0 0.88671875 0.95546875 0.0234375 0.0328125
0 0.13828125 0.471875 0.0390625 0.0421875
0 0.43125 0.95859375 0.01875 0.02109375
0 0.38828125 0.9 0.0234375 0.01640625
0 0.2734375 0.59765625 0.028125 0.03984375
0 0.23828125 0.446875 0.0171875 0.125
0 0.51328125 0.61875 0.0421875 0.04921875
0 0.3921875 0.86171875 0.0125 0.01171875
0 0.225 0.63828125 0.025 0.02109375
0 0.81953125 0.43125 0.0171875 0.009375
0 0.04296875 0.428125 0.0859375 0.03046875
0 0.1859375 0.51796875 0.053125 0.03515625
0 0.08828125 0.30390625 0.0078125 0.0140625
0 0.946875 0.39140625 0.046875 0.046875
0 0.79375 0.43125 0.10625 0.028125
0 0.4375 0.98203125 0.0125 0.02109375
0 0.8328125 0.5421875 0.0125 0.0140625
0 0.90625 0.3796875 0.025 0.0609375
0 0.8265625 0.58359375 0.0125 0.01171875
0 0.89453125 0.80390625 0.0984375 0.09453125
0 0.046875 0.534375 0.01875 0.02578125
0 0.5390625 0.9765625 0.009375 0.0140625
0 0.678125 0.98125 0.025 0.0234375
0 0.04375 0.3140625 0.00625 0.0140625
0 0.22421875 0.5375 0.1984375 0.240625
0 0.88203125 0.65546875 0.0734375 0.05625
0 0.625 0.0390625 0.00625 0.01171875
0 0.3984375 0.89375 0.06875 0.15546875
0 0.175 0.37265625 0.0125 0.0234375
0 0.7671875 0.7484375 0.0125 0.01171875
0 0.9015625 0.5609375 0.009375 0.0234375
0 0.07421875 0.8859375 0.0515625 0.078125
0 0.91328125 0.86875 0.0078125 0.01640625
0 0.72421875 0.7875 0.1765625 0.10859375
0 0.95 0.109375 0.05 0.078125
0 0.17421875 0.66640625 0.0171875 0.03046875
0 0.8 0.3953125 0.325 0.1296875