0 0.0765625 0.98359375 0.0375 0.028125
0 0.2796875 0.7015625 0.0125 0.0220703125
0 0.41796875 0.90703125 0.0328125 0.06728515625
0 0.35546875 0.40703125 0.0421875 0.05791015625
0 0.03125 0.53671875 0.0125 0.01708984375
0 0.34453125 0.67265625 0.0140625 0.01708984375
0 0.340625 0.6234375 0.025 0.05322265625
0 0.1421875 0.78984375 0.146875 0.03583984375
0 0.58828125 0.67578125 0.0234375 0.1125
0 0.40546875 0.65703125 0.0640625 0.159375
0 0.5375 0.47421875 0.025 0.028125
0 0.50703125 0.77734375 0.0484375 0.0421875
0 0.29296875 0.7359375 0.0640625 0.04990234375
0 0.2359375 0.65 0.078125 0.2123046875
0 0.3609375 0.659375 0.04375 0.196875
0 0.34765625 0.4953125 0.0234375 0.0220703125
0 0.484375 0.7390625 0.028125 0.0595703125
0 0.50625 0.378125 0.05 0.084375
0 0.384375 0.75234375 0.390625 0.3125
0 0.5609375 0.19140625 0.009375 0.01103515625
0 0.53046875 0.30625 0.0234375 0.03447265625