0 0.57421875 0.75546875 0.0140625 0.02646484375
0 0.61171875 0.69296875 0.0109375 0.028125
0 0.703125 0.5546875 0.01875 0.0220703125
0 0.5625 0.159375 0.05625 0.075
0 0.86171875 0.75625 0.0734375 0.0501953125
0 0.57578125 0.66171875 0.0203125 0.01708984375
0 0.9484375 0.45234375 0.103125 0.1359375
0 0.64921875 0.65703125 0.0890625 0.17978515625
0 0.21953125 0.91484375 0.0140625 0.02041015625
0 0.9515625 0.1484375 0.009375 0.02509765625
0 0.90703125 0.896875 0.0421875 0.0375
0 0.47734375 0.63125 0.0296875 0.04384765625
0 0.32109375 0.896875 0.0265625 0.0435546875