0 0.8796875 0.7671875 0.028125 0.02578125
0 0.92265625 0.71875 0.0171875 0.0234375
0 0.46875 0.67890625 0.05625 0.1546875
0 0.67421875 0.92421875 0.0390625 0.08203125
0 0.796875 0.59921875 0.028125 0.140625
0 0.84453125 0.79609375 0.1234375 0.0984375
0 0.82578125 0.1296875 0.0703125 0.05859375
0 0.996875 0.4390625 0.00625 0.02578125
0 0.48828125 0.91328125 0.0453125 0.075
0 0.49453125 0.3265625 0.0296875 0.03515625
0 0.50703125 0.3875 0.0234375 0.02109375
0 0.378125 0.509375 0.075 0.22265625
0 0.48828125 0.303125 0.0203125 0.02578125
0 0.6375 0.6921875 0.7 0.60625