0 0.55625 0.1484375 0.025 0.03984375
0 0.3328125 0.865625 0.175 0.03984375
0 0.65703125 0.5453125 0.1359375 0.0421875
0 0.175 0.8890625 0.025 0.02578125
0 0.95390625 0.02421875 0.0296875 0.03984375
0 0.65078125 0.6109375 0.1359375 0.0375
0 0.03515625 0.89921875 0.0703125 0.028125
0 0.29375 0.96171875 0.24375 0.05859375
0 0.47890625 0.68984375 0.0078125 0.03515625
0 0.67578125 0.3875 0.0109375 0.02109375
0 0.2125 0.07265625 0.15625 0.1359375
0 0.4375 0.803125 0.025 0.2203125
0 0.55625 0.71796875 0.09375 0.38203125
0 0.48671875 0.55 0.0140625 0.0515625
0 0.77421875 0.26796875 0.0109375 0.02109375
0 0.88046875 0.83984375 0.1296875 0.03515625
0 0.31640625 0.74140625 0.3203125 0.37734375