0 0.38828125 0.89375 0.0265625 0.06953125
0 0.353125 0.796875 0.021875 0.02890625
0 0.6125 0.35234375 0.0125 0.02109375
0 0.3 0.559375 0.0875 0.0640625
0 0.06171875 0.65390625 0.0234375 0.04765625
0 0.40625 0.76171875 0.025 0.02421875
0 0.25390625 0.6421875 0.0796875 0.06171875
0 0.49296875 0.26171875 0.0296875 0.03125
0 0.53046875 0.2359375 0.0359375 0.03359375
0 0.4046875 0.8484375 0.015625 0.02109375
0 0.4140625 0.66015625 0.31875 0.33203125
0 0.16640625 0.36484375 0.0671875 0.05234375
0 0.47578125 0.58984375 0.0578125 0.1046875
0 0.23671875 0.38671875 0.0578125 0.05703125
0 0.72890625 0.31484375 0.0171875 0.02890625