0 0.48671875 0.8578125 0.0609375 0.0220703125
0 0.2515625 0.440625 0.084375 0.059375
0 0.48125 0.78515625 0.025 0.0328125
0 0.39375 0.13203125 0.0375 0.028125
0 0.340625 0.45859375 0.065625 0.0234375
0 0.29375 0.5046875 0.04375 0.04052734375
0 0.4609375 0.88203125 0.053125 0.0234375
0 0.3953125 0.5875 0.028125 0.01572265625
0 0.4734375 0.73671875 0.08125 0.03583984375
0 0.46171875 0.9125 0.0484375 0.0248046875
0 0.28984375 0.3828125 0.0546875 0.0220703125
0 0.4453125 0.684375 0.06875 0.05
0 0.44921875 0.46796875 0.0671875 0.0234375
0 0.28046875 0.4578125 0.0265625 0.01572265625
0 0.1875 0.32421875 0.05625 0.0328125
0 0.42578125 0.84296875 0.0234375 0.04521484375
0 0.50625 0.946875 0.05625 0.01572265625
0 0.06171875 0.18359375 0.1046875 0.0828125
0 0.56484375 0.70234375 0.0703125 0.0328125
0 0.47578125 0.5234375 0.0671875 0.02509765625
0 0.52734375 0.63203125 0.0765625 0.02978515625
0 0.5 0.57578125 0.05625 0.01708984375
0 0.39375 0.56953125 0.0375 0.0234375
0 0.18125 0.57421875 0.0125 0.028125
0 0.11328125 0.2375 0.0515625 0.03447265625
0 0.58671875 0.76015625 0.0328125 0.01708984375
0 0.5015625 0.97421875 0.03125 0.01875
0 0.08046875 0.20234375 0.0421875 0.01103515625
0 0.35546875 0.4984375 0.0359375 0.0220703125
0 0.40859375 0.3890625 0.0578125 0.01572265625
0 0.54921875 0.82265625 0.0671875 0.08583984375
0 0.55 0.678125 0.04375 0.01875
0 0.39921875 0.7953125 0.1078125 0.21552734375
0 0.01875 0.1515625 0.025 0.01875
0 0.38828125 0.68359375 0.0328125 0.01875
0 0.27578125 0.340625 0.1078125 0.0248046875
0 0.05625 0.37578125 0.025 0.05166015625
0 0.25 0.97421875 0.03125 0.0421875
0 0.15078125 0.2484375 0.0515625 0.0154296875
0 0.43046875 0.428125 0.0703125 0.0375
0 0.48828125 0.690625 0.0203125 0.0248046875