0 0.1234375 0.82421875 0.0375 0.0125
0 0.61015625 0.75546875 0.1703125 0.0875
0 0.43515625 0.8078125 0.0984375 0.025
0 0.3765625 0.7140625 0.06875 0.08125
0 0.45625 0.32109375 0.1625 0.02265625
0 0.32890625 0.31875 0.0421875 0.01484375
0 0.3875 0.8140625 0.01875 0.02109375
0 0.9 0.48671875 0.0625 0.19453125
0 0.44921875 0.68203125 0.0359375 0.07109375
0 0.79296875 0.40390625 0.0640625 0.2046875
0 0.7984375 0.9453125 0.059375 0.01640625
0 0.45625 0.6671875 0.0125 0.0125
0 0.01171875 0.4359375 0.0234375 0.01875
0 0.20546875 0.703125 0.0109375 0.02109375
0 0.046875 0.746875 0.009375 0.0125
0 0.2203125 0.93125 0.05625 0.02890625
0 0.90625 0.53125 0.0125 0.02109375
0 0.73828125 0.65234375 0.0328125 0.03359375
0 0.16875 0.27578125 0.3375 0.02890625
0 0.2234375 0.6484375 0.009375 0.01640625
0 0.33046875 0.75078125 0.0078125 0.01640625
0 0.8640625 0.975 0.234375 0.0421875
0 0.7875 0.4515625 0.025 0.02109375
0 0.05546875 0.04609375 0.0078125 0.0125
0 0.38125 0.45 0.025 0.01640625
0 0.85078125 0.3703125 0.0734375 0.1921875
0 0.10078125 0.97734375 0.1890625 0.0375
0 0.7359375 0.5984375 0.01875 0.025
0 0.19140625 0.63203125 0.0078125 0.0125
0 0.50546875 0.0671875 0.3765625 0.05859375