0 0.76875 0.47421875 0.2125 0.09375
0 0.1734375 0.26953125 0.05 0.06953125
0 0.6109375 0.5359375 0.11875 0.0578125
0 0.78203125 0.07578125 0.0578125 0.11953125
0 0.35390625 0.4421875 0.2078125 0.12890625
0 0.43125 0.0375 0.0125 0.01171875
0 0.98046875 0.07734375 0.0140625 0.01171875
0 0.46328125 0.41015625 0.0953125 0.0375
0 0.68125 0.240625 0.0625 0.01953125
0 0.21875 0.20390625 0.05 0.08984375
0 0.42421875 0.04296875 0.0578125 0.0296875
0 0.359375 0.0828125 0.071875 0.021875
0 0.1609375 0.1640625 0.05 0.0375
0 0.89453125 0.40234375 0.0203125 0.05
0 0.5609375 0.37109375 0.028125 0.01796875
0 0.83671875 0.10703125 0.0109375 0.03203125
0 0.18125 0.25078125 0.0125 0.015625
0 0.53671875 0.365625 0.0359375 0.0875
0 0.08515625 0.115625 0.0828125 0.06328125
0 0.47265625 0.84921875 0.0390625 0.0796875
0 0.50625 0.45234375 0.04375 0.07734375
0 0.38828125 0.615625 0.0453125 0.05
0 0.94375 0.065625 0.0125 0.01171875
0 0.84375 0.165625 0.0125 0.0140625
0 0.3375 0.05546875 0.26875 0.10703125
0 0.45703125 0.9203125 0.0109375 0.01171875
0 0.5859375 0.284375 0.7875 0.334375
0 0.1734375 0.07578125 0.14375 0.13125
0 0.46015625 0.14375 0.0390625 0.021875
0 0.06328125 0.971875 0.0328125 0.04375
0 0.628125 0.4171875 0.196875 0.03203125
0 0.64921875 0.671875 0.0140625 0.01171875
0 0.50078125 0.2359375 0.1140625 0.1890625
0 0.296875 0.14921875 0.146875 0.06796875
0 0.86015625 0.12734375 0.0140625 0.01953125
0 0.80546875 0.82421875 0.3796875 0.04140625
0 0.90546875 0.42265625 0.0140625 0.0140625
0 0.7375 0.9203125 0.05 0.02421875
0 0.2171875 0.365625 0.15625 0.2703125