0 0.95 0.3703125 0.03125 0.05
0 0.93203125 0.4171875 0.1015625 0.0654296875
0 0.73828125 0.24921875 0.0421875 0.03916015625
0 0.83203125 0.2671875 0.0328125 0.028125
0 0.4859375 0.790625 0.03125 0.05
0 0.44453125 0.37734375 0.0328125 0.02041015625
0 0.56953125 0.45859375 0.0140625 0.01875
0 0.52421875 0.63984375 0.0234375 0.01103515625
0 0.9046875 0.33671875 0.1375 0.13916015625
0 0.57578125 0.48828125 0.0921875 0.1109375
0 0.67421875 0.37578125 0.0203125 0.0234375
0 0.4609375 0.7421875 0.021875 0.05302734375
0 0.984375 0.56875 0.028125 0.0560546875
0 0.5484375 0.49765625 0.0125 0.01103515625
0 0.4875 0.81796875 0.01875 0.0234375
0 0.7046875 0.31953125 0.121875 0.1890625
0 0.4796875 0.91171875 0.01875 0.03583984375
0 0.975 0.5328125 0.0125 0.01240234375
0 0.4359375 0.428125 0.075 0.0248046875
0 0.503125 0.7375 0.0125 0.009375
0 0.97890625 0.96484375 0.0109375 0.0234375
0 0.95625 0.678125 0.0125 0.01875
0 0.4578125 0.7703125 0.009375 0.0154296875
0 0.8875 0.66171875 0.0125 0.01875
0 0.98203125 0.7421875 0.0296875 0.05302734375