0 0.1203125 0.7671875 0.028125 0.02509765625
0 0.07734375 0.71875 0.0171875 0.0248046875
0 0.53125 0.67890625 0.05625 0.1546875
0 0.32578125 0.92421875 0.0390625 0.08271484375
0 0.203125 0.59921875 0.028125 0.140625
0 0.15546875 0.79609375 0.1234375 0.0984375
0 0.17421875 0.1296875 0.0703125 0.05927734375
0 0.003125 0.4390625 0.00625 0.02509765625
0 0.51171875 0.91328125 0.0453125 0.075
0 0.50546875 0.3265625 0.0296875 0.03447265625
0 0.49296875 0.3875 0.0234375 0.02177734375
0 0.621875 0.509375 0.075 0.22197265625
0 0.51171875 0.303125 0.0203125 0.02509765625
0 0.3625 0.6921875 0.7 0.60625