0 0.61796875 0.8375 0.0671875 0.0375
0 0.71171875 0.32734375 0.0109375 0.0234375
0 0.74375 0.26484375 0.0125 0.03583984375
0 0.50078125 0.48671875 0.0296875 0.0421875
0 0.11015625 0.12734375 0.0203125 0.0375
0 0.34765625 0.63046875 0.1140625 0.09375
0 0.79375 0.490625 0.0125 0.01572265625
0 0.484375 0.85625 0.08125 0.046875
0 0.4296875 0.30859375 0.0125 0.05625
0 0.46640625 0.4 0.1046875 0.21240234375
0 0.66171875 0.66796875 0.0515625 0.0375
0 0.38671875 0.6109375 0.0171875 0.01572265625
0 0.821875 0.48671875 0.059375 0.0328125
0 0.60546875 0.52265625 0.0765625 0.046875
0 0.646875 0.56328125 0.571875 0.6703125
0 0.56328125 0.60625 0.0421875 0.04052734375
0 0.421875 0.38125 0.0125 0.0435546875
0 0.36171875 0.63984375 0.0140625 0.01875
0 0.65546875 0.61640625 0.0078125 0.0140625
0 0.3125 0.69765625 0.0125 0.01708984375
0 0.6 0.534375 0.0125 0.009375
0 0.66171875 0.87265625 0.0265625 0.0140625
0 0.671875 0.809375 0.053125 0.0435546875
0 0.5296875 0.5140625 0.0125 0.01572265625
0 0.61640625 0.625 0.0765625 0.03115234375
0 0.45 0.87265625 0.025 0.0140625
0 0.696875 0.5609375 0.04375 0.05322265625
0 0.55546875 0.8796875 0.0609375 0.0154296875
0 0.434375 0.9203125 0.021875 0.046875
0 0.54921875 0.7515625 0.0140625 0.01572265625
0 0.6734375 0.89375 0.009375 0.01875
0 0.796875 0.4046875 0.121875 0.075
0 0.4515625 0.48671875 0.009375 0.0140625
0 0.74375 0.18359375 0.025 0.0890625
0 0.08125 0.7234375 0.09375 0.1095703125
0 0.13046875 0.91328125 0.0859375 0.0796875
0 0.0046875 0.9140625 0.009375 0.01572265625
0 0.03515625 0.6015625 0.0703125 0.1029296875
0 0.0796875 0.6671875 0.009375 0.01572265625
0 0.753125 0.2234375 0.009375 0.01875
0 0.109375 0.82265625 0.109375 0.1203125
0 0.57578125 0.4 0.0578125 0.28740234375
0 0.78203125 0.62265625 0.0671875 0.30458984375
0 0.20390625 0.20390625 0.1421875 0.08271484375
0 0.7625 0.853125 0.01875 0.02177734375
0 0.11953125 0.92109375 0.0140625 0.02041015625
0 0.634375 0.6046875 0.16875 0.19365234375
0 0.04140625 0.70234375 0.0265625 0.02978515625