0 0.58046875 0.378125 0.0421875 0.0501953125
0 0.6453125 0.44453125 0.103125 0.02041015625
0 0.3203125 0.103125 0.178125 0.1626953125
0 0.77578125 0.36875 0.2203125 0.0876953125
0 0.63046875 0.2453125 0.1859375 0.06865234375
0 0.04375 0.853125 0.025 0.06865234375
0 0.50625 0.4296875 0.03125 0.028125
0 0.30703125 0.3828125 0.2734375 0.1533203125
0 0.96875 0.43203125 0.00625 0.009375
0 0.70546875 0.2453125 0.0453125 0.03115234375
0 0.5484375 0.9390625 0.128125 0.05625
0 0.44609375 0.33125 0.0796875 0.0876953125
0 0.49453125 0.52734375 0.1984375 0.06728515625
0 0.9984375 0.91640625 0.003125 0.01103515625
0 0.1015625 0.275 0.01875 0.01875
0 0.29921875 0.9765625 0.0234375 0.0375
0 0.19296875 0.25234375 0.1859375 0.14228515625
0 0.06171875 0.1796875 0.0234375 0.02177734375
0 0.53125 0.12578125 0.225 0.23271484375