0 0.78671875 0.365625 0.0359375 0.0140625
0 0.98046875 0.20625 0.0390625 0.0234375
0 0.61796875 0.253125 0.0390625 0.028125
0 0.23828125 0.271875 0.0390625 0.084375
0 0.22578125 0.35390625 0.0578125 0.0515625
0 0.66328125 0.06171875 0.0265625 0.01640625
0 0.859375 0.5796875 0.25 0.16171875
0 0.49765625 0.5875 0.0109375 0.0515625
0 0.51953125 0.9015625 0.0296875 0.0375
0 0.97890625 0.38046875 0.0234375 0.05390625
0 0.4421875 0.828125 0.05 0.11015625
0 0.690625 0.34765625 0.071875 0.14765625
0 0.16640625 0.23203125 0.0328125 0.0375
0 0.70078125 0.92734375 0.1859375 0.065625
0 0.87421875 0.39921875 0.2515625 0.13828125
0 0.21328125 0.5609375 0.0328125 0.12421875
0 0.53203125 0.47578125 0.0765625 0.046875
0 0.56796875 0.76484375 0.0390625 0.14296875
0 0.36171875 0.0515625 0.0484375 0.0375
0 0.73125 0.07109375 0.0125 0.04921875
0 0.6671875 0.215625 0.021875 0.0890625
0 0.5484375 0.02421875 0.021875 0.04453125
0 0.19921875 0.3234375 0.0140625 0.0140625
0 0.63125 0.5265625 0.0125 0.01875
0 0.7140625 0.07265625 0.0125 0.0515625
0 0.6484375 0.60859375 0.01875 0.0234375
0 0.49296875 0.02109375 0.0171875 0.0421875
0 0.9265625 0.62265625 0.0125 0.0140625
0 0.89140625 0.73203125 0.0203125 0.01171875
0 0.83671875 0.92890625 0.0203125 0.02109375
0 0.3375 0.96484375 0.16875 0.0703125
0 0.2984375 0.0921875 0.01875 0.03515625
0 0.8359375 0.63671875 0.0125 0.0140625
0 0.525 0.028125 0.01875 0.0515625
0 0.25625 0.68359375 0.00625 0.01875
0 0.61015625 0.04921875 0.0140625 0.05625
0 0.91015625 0.01953125 0.1796875 0.0390625
0 0.68828125 0.0609375 0.0984375 0.075
0 0.67578125 0.9625 0.0421875 0.0375
0 0.6640625 0.621875 0.021875 0.02109375
0 0.6515625 0.47578125 0.009375 0.0234375
0 0.84296875 0.88203125 0.0265625 0.02109375