0 0.83671875 0.7625 0.0265625 0.0125
0 0.5890625 0.753125 0.075 0.02265625
0 0.52265625 0.69921875 0.2671875 0.11875
0 0.03828125 0.70625 0.0734375 0.0625
0 0.09375 0.09296875 0.09375 0.13125
0 0.0296875 0.42421875 0.015625 0.01484375
0 0.78125 0.34296875 0.05 0.04375
0 0.0171875 0.7375 0.015625 0.04609375
0 0.75390625 0.9 0.2890625 0.05
0 0.56953125 0.359375 0.0859375 0.01875
0 0.6359375 0.68515625 0.0375 0.04140625
0 0.56328125 0.65 0.0203125 0.0375
0 0.6671875 0.35390625 0.040625 0.01640625
0 0.0671875 0.83046875 0.13125 0.18984375
0 0.94296875 0.45078125 0.0734375 0.02734375
0 0.11953125 0.91015625 0.0421875 0.0375
0 0.0078125 0.3875 0.015625 0.0125
0 0.24140625 0.61015625 0.0234375 0.04140625
0 0.33125 0.58046875 0.025 0.03125
0 0.1921875 0.53046875 0.009375 0.01484375
0 0.17890625 0.40546875 0.0171875 0.03125
0 0.76640625 0.66640625 0.0078125 0.01640625
0 0.2125 0.4 0.01875 0.05
0 0.1984375 0.47421875 0.065625 0.20625
0 0.89453125 0.70390625 0.0078125 0.0125
0 0.96953125 0.65078125 0.0109375 0.01484375
0 0.22421875 0.50625 0.0140625 0.025
0 0.8375 0.8375 0.325 0.0375
0 0.2875 0.46171875 0.01875 0.01875
0 0.0125 0.79375 0.025 0.075
0 0.26796875 0.63046875 0.0609375 0.10625
0 0.6625 0.70546875 0.00625 0.01875