0 0.57578125 0.08671875 0.0171875 0.01484375
0 0.18828125 0.86328125 0.0609375 0.13984375
0 0.10078125 0.98046875 0.0515625 0.03125
0 0.40625 0.21171875 0.03125 0.03125
0 0.45625 0.925 0.0125 0.0125
0 0.56796875 0.31796875 0.0390625 0.07734375
0 0.07265625 0.925 0.1453125 0.125
0 0.2828125 0.865625 0.171875 0.12734375
0 0.7 0.27421875 0.1625 0.04375
0 0.75546875 0.33515625 0.0578125 0.05
0 0.075 0.16171875 0.15 0.14375
0 0.484375 0.05546875 0.0625 0.10234375
0 0.33203125 0.38515625 0.1578125 0.1125
0 0.77578125 0.15546875 0.0140625 0.01875