0 0.79453125 0.7484375 0.0390625 0.065625
0 0.58046875 0.72265625 0.1109375 0.0609375
0 0.903125 0.38125 0.00625 0.01240234375
0 0.95546875 0.78984375 0.0109375 0.02978515625
0 0.88359375 0.3921875 0.0703125 0.065625
0 0.83828125 0.859375 0.0078125 0.0248046875
0 0.59375 0.13515625 0.03125 0.07666015625
0 0.50703125 0.1453125 0.0765625 0.1466796875
0 0.91484375 0.36640625 0.0078125 0.0140625
0 0.909375 0.409375 0.028125 0.01572265625
0 0.72578125 0.7296875 0.4453125 0.25927734375
0 0.08046875 0.340625 0.1453125 0.30009765625