0 0.5625 0.3109375 0.1498046875 0.04052734375
0 0.690625 0.328125 0.08427734375 0.0251953125
0 0.4640625 0.32578125 0.07177734375 0.02978515625
0 0.51484375 0.4296875 0.13603515625 0.090625
0 0.8125 0.6625 0.19677734375 0.08115234375
0 0.95859375 0.62578125 0.07041015625 0.0734375
0 0.559375 0.35625 0.1560546875 0.05
0 0.81875 0.328125 0.17197265625 0.05947265625
0 0.0984375 0.85625 0.19677734375 0.053125
0 0.10703125 0.41484375 0.04833984375 0.03291015625
0 0.0859375 0.15546875 0.07802734375 0.05