0 0.83125 0.634375 0.0625 0.01875
0 0.43359375 0.97421875 0.0578125 0.01875
0 0.19921875 0.74140625 0.0328125 0.04521484375
0 0.06484375 0.453125 0.0296875 0.0248046875
0 0.11328125 0.95546875 0.0234375 0.0328125
0 0.86171875 0.471875 0.0390625 0.0435546875
0 0.56875 0.95859375 0.01875 0.02041015625
0 0.61171875 0.9 0.0234375 0.01572265625
0 0.7265625 0.59765625 0.028125 0.03916015625
0 0.76171875 0.446875 0.0171875 0.125
0 0.48671875 0.61875 0.0421875 0.04990234375
0 0.6078125 0.86171875 0.0125 0.01103515625
0 0.775 0.63828125 0.025 0.02041015625
0 0.18046875 0.43125 0.0171875 0.009375
0 0.95703125 0.428125 0.0859375 0.03115234375
0 0.8140625 0.51796875 0.053125 0.03583984375
0 0.91171875 0.30390625 0.0078125 0.0140625
0 0.053125 0.39140625 0.046875 0.046875
0 0.20625 0.43125 0.10625 0.028125
0 0.5625 0.98203125 0.0125 0.02041015625
0 0.1671875 0.5421875 0.0125 0.0154296875
0 0.09375 0.3796875 0.025 0.0595703125
0 0.1734375 0.58359375 0.0125 0.01103515625
0 0.10546875 0.80390625 0.0984375 0.09521484375
0 0.953125 0.534375 0.01875 0.02509765625
0 0.4609375 0.9765625 0.009375 0.0154296875
0 0.321875 0.98125 0.025 0.0248046875
0 0.95625 0.3140625 0.00625 0.0154296875
0 0.77578125 0.5375 0.1984375 0.240625
0 0.11796875 0.65546875 0.0734375 0.05625
0 0.375 0.0390625 0.00625 0.01240234375
0 0.6015625 0.89375 0.06875 0.15615234375
0 0.825 0.37265625 0.0125 0.0234375
0 0.2328125 0.7484375 0.0125 0.01240234375
0 0.0984375 0.5609375 0.009375 0.0220703125
0 0.92578125 0.8859375 0.0515625 0.078125
0 0.08671875 0.86875 0.0078125 0.01572265625
0 0.27578125 0.7875 0.1765625 0.10927734375
0 0.05 0.109375 0.05 0.078125
0 0.82578125 0.66640625 0.0171875 0.02978515625
0 0.2 0.3953125 0.325 0.1283203125