0 0.2328125 0.3359375 0.015625 0.02177734375
0 0.8125 0.54765625 0.0125 0.0609375
0 0.60625 0.3265625 0.025 0.05927734375
0 0.22109375 0.29375 0.1015625 0.13427734375
0 0.39609375 0.58515625 0.1515625 0.2671875
0 0.13828125 0.3796875 0.0453125 0.253125
0 0.56171875 0.7046875 0.0703125 0.2966796875
0 0.5140625 0.5078125 0.009375 0.01875
0 0.50078125 0.50234375 0.0078125 0.02041015625
0 0.16796875 0.55703125 0.0640625 0.084375
0 0.81171875 0.67109375 0.3765625 0.19853515625
0 0.2953125 0.68515625 0.15625 0.13896484375