0 0.38046875 0.4171875 0.0078125 0.01572265625
0 0.5078125 0.9390625 0.1 0.0904296875
0 0.44296875 0.26484375 0.0140625 0.01708984375
0 0.940625 0.6578125 0.053125 0.02177734375
0 0.55078125 0.67265625 0.0078125 0.009375
0 0.68203125 0.7578125 0.0515625 0.09072265625
0 0.49921875 0.5734375 0.0515625 0.07197265625
0 0.99765625 0.79453125 0.0046875 0.009375
0 0.5359375 0.6671875 0.0125 0.01240234375
0 0.3734375 0.65390625 0.15 0.0515625
0 0.05625 0.38984375 0.1125 0.0375
0 0.78125 0.66328125 0.025 0.0234375
0 0.421875 0.31796875 0.05625 0.0796875
0 0.43671875 0.40859375 0.0109375 0.0140625
0 0.51953125 0.0609375 0.0109375 0.009375
0 0.96015625 0.64609375 0.0109375 0.01103515625
0 0.96875 0.665625 0.0125 0.009375
0 0.96171875 0.621875 0.0546875 0.046875
0 0.41171875 0.3828125 0.0609375 0.0783203125
0 0.45625 0.66015625 0.0125 0.02041015625
0 0.2484375 0.278125 0.03125 0.0126953125
0 0.1 0.315625 0.05 0.0435546875
0 0.8203125 0.67265625 0.303125 0.05625