0 0.61171875 0.89375 0.0265625 0.06884765625
0 0.646875 0.796875 0.021875 0.02822265625
0 0.3875 0.35234375 0.0125 0.02041015625
0 0.7 0.559375 0.0875 0.0626953125
0 0.93828125 0.65390625 0.0234375 0.04833984375
0 0.59375 0.76171875 0.025 0.02353515625
0 0.74609375 0.6421875 0.0796875 0.06240234375
0 0.50703125 0.26171875 0.0296875 0.03125
0 0.46953125 0.2359375 0.0359375 0.03427734375
0 0.5953125 0.8484375 0.015625 0.02177734375
0 0.5859375 0.66015625 0.31875 0.33271484375
0 0.83359375 0.36484375 0.0671875 0.05166015625
0 0.52421875 0.58984375 0.0578125 0.1046875
0 0.76328125 0.38671875 0.0578125 0.05771484375
0 0.27109375 0.31484375 0.0171875 0.02958984375