0 0.16328125 0.7625 0.0265625 0.0125
0 0.4109375 0.753125 0.075 0.02197265625
0 0.47734375 0.69921875 0.2671875 0.11875
0 0.96171875 0.70625 0.0734375 0.0625
0 0.90625 0.09296875 0.09375 0.13125
0 0.9703125 0.42421875 0.015625 0.01416015625
0 0.21875 0.34296875 0.05 0.04375
0 0.9828125 0.7375 0.015625 0.04677734375
0 0.24609375 0.9 0.2890625 0.05
0 0.43046875 0.359375 0.0859375 0.01875
0 0.3640625 0.68515625 0.0375 0.04208984375
0 0.43671875 0.65 0.0203125 0.0375
0 0.3328125 0.35390625 0.040625 0.01708984375
0 0.9328125 0.83046875 0.13125 0.18916015625
0 0.05703125 0.45078125 0.0734375 0.02666015625
0 0.88046875 0.91015625 0.0421875 0.0375
0 0.9921875 0.3875 0.015625 0.0125
0 0.75859375 0.61015625 0.0234375 0.04208984375
0 0.66875 0.58046875 0.025 0.03125
0 0.8078125 0.53046875 0.009375 0.01416015625
0 0.82109375 0.40546875 0.0171875 0.03125
0 0.23359375 0.66640625 0.0078125 0.01708984375
0 0.7875 0.4 0.01875 0.05
0 0.8015625 0.47421875 0.065625 0.20625
0 0.10546875 0.70390625 0.0078125 0.0125
0 0.03046875 0.65078125 0.0109375 0.01416015625
0 0.77578125 0.50625 0.0140625 0.025
0 0.1625 0.8375 0.325 0.0375
0 0.7125 0.46171875 0.01875 0.01875
0 0.9875 0.79375 0.025 0.075
0 0.73203125 0.63046875 0.0609375 0.10625
0 0.3375 0.70546875 0.00625 0.01875