0 0.85546875 0.31953125 0.2484375 0.1921875
0 0.8 0.04453125 0.15 0.0859375
0 0.6375 0.20546875 0.03125 0.04833984375
0 0.6328125 0.2515625 0.015625 0.03447265625
0 0.56875 0.28984375 0.01875 0.01708984375
0 0.15546875 0.56171875 0.3015625 0.1921875
0 0.6640625 0.328125 0.028125 0.04072265625
0 0.1203125 0.97734375 0.0375 0.04208984375
0 0.56328125 0.62109375 0.0234375 0.03916015625
0 0.6125 0.30234375 0.1125 0.1546875
0 0.4484375 0.5125 0.475 0.7439453125
0 0.0421875 0.98515625 0.04375 0.025
0 0.975 0.14296875 0.04375 0.13125
0 0.075 0.6375 0.13125 0.04052734375