0 0.7671875 0.3359375 0.015625 0.02109375
0 0.1875 0.54765625 0.0125 0.0609375
0 0.39375 0.3265625 0.025 0.05859375
0 0.77890625 0.29375 0.1015625 0.13359375
0 0.60390625 0.58515625 0.1515625 0.2671875
0 0.86171875 0.3796875 0.0453125 0.253125
0 0.43828125 0.7046875 0.0703125 0.2953125
0 0.4859375 0.5078125 0.009375 0.01875
0 0.49921875 0.50234375 0.0078125 0.02109375
0 0.83203125 0.55703125 0.0640625 0.084375
0 0.18828125 0.67109375 0.3765625 0.19921875
0 0.7046875 0.68515625 0.15625 0.13828125