0 0.925 0.728125 0.03125 0.0328125
0 0.8359375 0.728125 0.0375 0.046875
0 0.53515625 0.0375 0.0078125 0.0140625
0 0.51171875 0.56171875 0.0484375 0.01875
0 0.05390625 0.621875 0.1046875 0.07265625
0 0.04296875 0.82421875 0.0859375 0.084375
0 0.2515625 0.98984375 0.01875 0.01171875
0 0.4171875 0.01953125 0.0125 0.03515625
0 0.5140625 0.04921875 0.1 0.046875
0 0.9859375 0.5796875 0.009375 0.02109375
0 0.184375 0.47890625 0.021875 0.02109375
0 0.73125 0.734375 0.10625 0.10546875
0 0.06328125 0.4875 0.0453125 0.0515625
0 0.31875 0.62265625 0.075 0.0234375
0 0.39765625 0.303125 0.0109375 0.01171875
0 0.40078125 0.31484375 0.0484375 0.07265625
0 0.56875 0.25546875 0.1625 0.075
0 0.77265625 0.71796875 0.0078125 0.01171875
0 0.99765625 0.159375 0.0046875 0.0140625
0 0.6875 0.76953125 0.0125 0.01171875
0 0.8234375 0.87578125 0.01875 0.0140625
0 0.13125 0.47421875 0.03125 0.06328125
0 0.14140625 0.415625 0.0265625 0.03984375
0 0.58125 0.38984375 0.075 0.05859375
0 0.246875 0.253125 0.028125 0.0234375
0 0.43828125 0.6359375 0.1015625 0.07265625
0 0.4125 0.2890625 0.0125 0.01171875
0 0.80078125 0.7046875 0.0078125 0.0140625
0 0.60546875 0.4015625 0.0109375 0.01171875
0 0.39140625 0.775 0.0390625 0.0328125
0 0.62578125 0.771875 0.0078125 0.01171875
0 0.04375 0.58203125 0.01875 0.06328125
0 0.8546875 0.54765625 0.146875 0.0515625
0 0.8046875 0.6828125 0.009375 0.01171875
0 0.26015625 0.6453125 0.0734375 0.03515625
0 0.95546875 0.75546875 0.0734375 0.03515625
0 0.3921875 0.934375 0.371875 0.1171875
0 0.44296875 0.4296875 0.4390625 0.06328125
0 0.35078125 0.2953125 0.0140625 0.0375
0 0.996875 0.58046875 0.00625 0.0234375
0 0.925 0.6671875 0.05625 0.1265625
0 0.03828125 0.35 0.0765625 0.05390625
0 0.24375 0.51953125 0.175 0.05625