0 0.43828125 0.615625 0.1015625 0.06259765625
0 0.66171875 0.51328125 0.6171875 0.27333984375
0 0.03203125 0.7765625 0.0484375 0.0408203125
0 0.29453125 0.5609375 0.0578125 0.125
0 0.71796875 0.04375 0.0453125 0.03447265625
0 0.503125 0.625 0.046875 0.04052734375
0 0.0875 0.80625 0.06875 0.07197265625
0 0.40625 0.865625 0.05625 0.05625
0 0.65546875 0.209375 0.0953125 0.0314453125
0 0.4578125 0.51640625 0.03125 0.06728515625
0 0.95859375 0.865625 0.0828125 0.0810546875
0 0.7875 0.21875 0.04375 0.0876953125
0 0.296875 0.92578125 0.05 0.04853515625
0 0.51171875 0.79140625 0.1140625 0.07333984375
0 0.09375 0.084375 0.03125 0.0314453125
0 0.76875 0.828125 0.025 0.046875
0 0.2640625 0.56328125 0.0125 0.1203125
0 0.74921875 0.415625 0.0265625 0.04990234375
0 0.27578125 0.07265625 0.0203125 0.046875
0 0.4 0.59375 0.0125 0.03115234375
0 0.728125 0.80234375 0.309375 0.046875
0 0.775 0.0046875 0.025 0.009375
0 0.9734375 0.53671875 0.053125 0.0984375
0 0.50625 0.33671875 0.19375 0.18291015625
0 0.56953125 0.4140625 0.0765625 0.0595703125
0 0.35078125 0.6234375 0.0140625 0.0220703125
0 0.52265625 0.57421875 0.0515625 0.0421875
0 0.5890625 0.62109375 0.05625 0.0234375
0 0.09375 0.46953125 0.04375 0.1109375
0 0.3921875 0.42734375 0.11875 0.03916015625
0 0.91328125 0.58125 0.0140625 0.01875
0 0.384375 0.94375 0.025 0.0314453125
0 0.50546875 0.9046875 0.0171875 0.02177734375
0 0.59453125 0.50234375 0.0640625 0.06396484375
0 0.91953125 0.59609375 0.0921875 0.03916015625
0 0.43828125 0.09765625 0.0203125 0.04521484375
0 0.40390625 0.2515625 0.1828125 0.0716796875
0 0.225 0.16015625 0.03125 0.0796875
0 0.0375 0.42109375 0.075 0.0421875
0 0.8609375 0.53046875 0.0125 0.01708984375
0 0.04375 0.30703125 0.0875 0.06396484375
0 0.53046875 0.9296875 0.0890625 0.11259765625
0 0.66796875 0.0578125 0.1859375 0.115625
0 0.29921875 0.653125 0.2078125 0.04052734375
0 0.6140625 0.55390625 0.04375 0.02978515625
0 0.23125 0.6203125 0.0125 0.02509765625
0 0.66328125 0.4890625 0.0421875 0.0529296875
0 0.534375 0.5109375 0.034375 0.065625