0 0.93515625 0.49609375 0.0109375 0.028125
0 0.7859375 0.34140625 0.040625 0.0421875
0 0.50546875 0.67890625 0.0953125 0.04921875
0 0.75625 0.07890625 0.01875 0.01640625
0 0.575 0.7140625 0.11875 0.04921875
0 0.75625 0.284375 0.075 0.14140625
0 0.60390625 0.48828125 0.0296875 0.05390625
0 0.78828125 0.3109375 0.0140625 0.0234375
0 0.6734375 0.59609375 0.015625 0.09140625
0 0.3296875 0.3296875 0.05625 0.14609375
0 0.60625 0.3421875 0.0375 0.03984375
0 0.48203125 0.37890625 0.1203125 0.0890625
0 0.3328125 0.653125 0.021875 0.06328125
0 0.45703125 0.6296875 0.0140625 0.03046875
0 0.54375 0.3515625 0.05 0.04921875
0 0.37421875 0.47421875 0.0109375 0.03984375
0 0.9375 0.6765625 0.01875 0.02578125
0 0.3625 0.70859375 0.05625 0.0796875
0 0.39765625 0.41796875 0.0296875 0.08671875
0 0.690625 0.4671875 0.009375 0.01640625
0 0.9734375 0.59375 0.040625 0.06796875
0 0.7125 0.89296875 0.08125 0.07265625
0 0.8796875 0.59375 0.009375 0.01640625
0 0.53125 0.4859375 0.01875 0.03984375
0 0.93046875 0.9234375 0.0109375 0.03515625
0 0.42890625 0.57265625 0.0359375 0.1671875
0 0.3390625 0.525 0.028125 0.0703125