0 0.41953125 0.378125 0.0421875 0.0515625
0 0.3546875 0.44453125 0.103125 0.02109375
0 0.6796875 0.103125 0.178125 0.1640625
0 0.22421875 0.36875 0.2203125 0.0890625
0 0.36953125 0.2453125 0.1859375 0.06796875
0 0.95625 0.853125 0.025 0.06796875
0 0.49375 0.4296875 0.03125 0.028125
0 0.69296875 0.3828125 0.2734375 0.1546875
0 0.03125 0.43203125 0.00625 0.009375
0 0.29453125 0.2453125 0.0453125 0.03046875
0 0.4515625 0.9390625 0.128125 0.05625
0 0.55390625 0.33125 0.0796875 0.0890625
0 0.50546875 0.52734375 0.1984375 0.06796875
0 0.0015625 0.91640625 0.003125 0.01171875
0 0.8984375 0.275 0.01875 0.01875
0 0.70078125 0.9765625 0.0234375 0.0375
0 0.80703125 0.25234375 0.1859375 0.14296875
0 0.93828125 0.1796875 0.0234375 0.02109375
0 0.46875 0.12578125 0.225 0.23203125