1 0.1984375 0.775 0.20625 0.7828125 0.2109375 0.78125 0.2140625 0.7765625 0.23125 0.7640625 0.2390625 0.7640625 0.2421875 0.7671875 0.240625 0.775 0.16875 0.853125 0.1625 0.85 0.1609375 0.8359375 0.1640625 0.8203125 0.1671875 0.815625 0.1671875 0.809375 0.1703125 0.8046875 0.1703125 0.796875 0.1828125 0.778125 0.196875 0.775
1 0.5515625 0.325 0.5546875 0.328125 0.5546875 0.334375 0.5578125 0.340625 0.5578125 0.3515625 0.553125 0.3515625 0.54375 0.3421875 0.54375 0.328125 0.55 0.325
1 0.453125 0.278125 0.45625 0.278125 0.4609375 0.2890625 0.4609375 0.296875 0.45625 0.303125 0.453125 0.2984375 0.453125 0.2796875
1 0.0921875 0.2046875 0.0875 0.2 0.0875 0.190625 0.096875 0.184375 0.115625 0.1859375 0.1203125 0.190625 0.1203125 0.2 0.1109375 0.20625 0.09375 0.2046875
1 0.4078125 0.5203125 0.4140625 0.5265625 0.415625 0.5328125 0.4140625 0.5421875 0.4109375 0.54375 0.4078125 0.5421875 0.403125 0.534375 0.403125 0.525 0.40625 0.521875
1 0.321875 0.14375 0.3265625 0.1484375 0.3265625 0.15625 0.3203125 0.15625 0.3171875 0.153125 0.3171875 0.1453125 0.3203125 0.14375
1 0.94140625 0.56640625 0.01953125 0.04609375
1 0.1234375 0.3734375 0.125 0.378125 0.1234375 0.396875 0.115625 0.4109375 0.115625 0.4453125 0.1109375 0.4515625 0.103125 0.478125 0.09375 0.490625 0.0828125 0.4859375 0.075 0.478125 0.0671875 0.4640625 0.0671875 0.434375 0.0609375 0.425 0.059375 0.390625 0.0671875 0.3859375 0.078125 0.3875 0.0875 0.384375 0.1015625 0.384375 0.109375 0.375 0.115625 0.371875 0.121875 0.3734375
1 0.3984375 0.3390625 0.4046875 0.3390625 0.409375 0.34375 0.409375 0.3484375 0.40625 0.353125 0.3984375 0.35625 0.396875 0.3515625 0.3984375 0.340625
1 0.609375 0.3484375 0.6140625 0.3515625 0.6125 0.3671875 0.59375 0.3828125 0.575 0.403125 0.5671875 0.4078125 0.5640625 0.403125 0.5640625 0.39375 0.5953125 0.3640625 0.5984375 0.3578125 0.5984375 0.3515625 0.603125 0.3484375 0.6078125 0.3484375
1 0.2625 0.63125 0.2640625 0.6421875 0.25625 0.6484375 0.2515625 0.646875 0.253125 0.640625 0.2609375 0.6328125
1 0.4203125 0.33046875 0.01171875 0.01796875
1 0.1796875 0.78125 0.1875 0.7765625 0.2 0.778125 0.19375 0.80625 0.2 0.8125 0.203125 0.809375 0.190625 0.828125 0.1859375 0.83125 0.171875 0.85 0.16875 0.85 0.1625 0.840625 0.1625 0.828125 0.1703125 0.80625 0.1703125 0.7984375 0.175 0.7921875 0.175 0.7875 0.1796875 0.7828125
1 0.2359375 0.765625 0.240625 0.76875 0.2390625 0.7765625 0.215625 0.803125 0.20625 0.8078125 0.209375 0.784375 0.2265625 0.7671875 0.234375 0.765625
1 0.928125 0.8421875 0.9328125 0.846875 0.940625 0.8640625 0.940625 0.88125 0.9390625 0.8828125 0.93125 0.8796875 0.921875 0.8625 0.921875 0.8453125 0.9265625 0.8421875
1 0.35 0.396875 0.3609375 0.4015625 0.359375 0.4109375 0.3515625 0.415625 0.35 0.3984375
1 0.1171875 0.7453125 0.1125 0.740625 0.1125 0.73125 0.1140625 0.7296875 0.1203125 0.73125 0.1203125 0.74375 0.11875 0.74375
1 0.48203125 0.39296875 0.01484375 0.025
1 0.7421875 0.2390625 0.746875 0.2421875 0.7515625 0.2609375 0.7453125 0.26875 0.7359375 0.275 0.73125 0.275 0.7296875 0.26875 0.7359375 0.25625 0.7375 0.240625 0.740625 0.2390625