2 0.396875 0.3671875 0.396875 0.375 0.3921875 0.3796875 0.3890625 0.3796875 0.3875 0.375 0.384375 0.3796875 0.3734375 0.384375 0.36875 0.390625 0.3578125 0.396875 0.35 0.4046875 0.34375 0.4046875 0.3390625 0.4 0.340625 0.390625 0.3484375 0.3828125 0.3734375 0.3703125 0.384375 0.3671875 0.3953125 0.3671875
2 0.278125 0.625 0.2796875 0.6328125 0.2703125 0.6484375 0.2609375 0.6734375 0.259375 0.696875 0.25625 0.7078125 0.2515625 0.709375 0.25 0.7015625 0.2546875 0.6921875 0.2546875 0.6796875 0.2609375 0.659375 0.2625 0.6453125 0.2703125 0.63125 0.2765625 0.6265625
2 0.4109375 0.875 0.4171875 0.8796875 0.4171875 0.8859375 0.4046875 0.884375 0.4046875 0.8796875 0.409375 0.8765625
2 0.309375 0.465625 0.309375 0.471875 0.30625 0.478125 0.3 0.478125 0.3 0.4734375 0.3078125 0.465625
2 0.25625 0.54375 0.2546875 0.55 0.2484375 0.55 0.2546875 0.54375
2 0.409375 0.8765625 0.421875 0.8796875 0.4265625 0.878125 0.428125 0.8875 0.40625 0.8890625 0.403125 0.8828125 0.4078125 0.878125
2 0.0875 0.609375 0.0890625 0.603125 0.0921875 0.6015625 0.09375 0.621875 0.090625 0.621875 0.0875 0.615625 0.0890625 0.6109375
2 0.440625 0.43125 0.44375 0.43125 0.4421875 0.4453125 0.4390625 0.453125 0.434375 0.4546875 0.440625 0.4328125
2 0.384375 0.5609375 0.01572265625 0.01552734375
2 0.4671875 0.5078125 0.471875 0.509375 0.471875 0.5140625 0.46875 0.51875 0.4609375 0.5203125 0.4640625 0.5125 0.4625 0.5109375 0.465625 0.509375
2 0.4296875 0.5015625 0.4375 0.46875 0.45 0.44375 0.45625 0.4359375 0.4578125 0.4359375 0.4578125 0.440625 0.4515625 0.4578125 0.4484375 0.4609375 0.4453125 0.475 0.434375 0.5015625 0.43125 0.5015625
2 0.865625 0.4359375 0.8671875 0.4375 0.8875 0.4359375 0.8921875 0.4390625 0.878125 0.4421875 0.86875 0.440625 0.8640625 0.4375
2 0.3984375 0.5453125 0.3984375 0.553125 0.3953125 0.5578125 0.3859375 0.565625 0.378125 0.565625 0.378125 0.5625 0.390625 0.5484375 0.396875 0.546875
2 0.4671875 0.5078125 0.4703125 0.509375 0.4703125 0.515625 0.4671875 0.51875 0.45625 0.5203125 0.45625 0.515625 0.465625 0.509375
2 0.1859375 0.5984375 0.1921875 0.6046875 0.1921875 0.6125 0.1875 0.6171875 0.184375 0.6125 0.1859375 0.6
2 0.3890625 0.546875 0.3953125 0.5421875 0.3984375 0.5484375 0.3984375 0.553125 0.3921875 0.5609375 0.3875 0.5609375 0.3859375 0.55625 0.3890625 0.5484375
2 0.3375 0.853125 0.3421875 0.8546875 0.3421875 0.8640625 0.334375 0.8640625 0.3328125 0.8578125 0.3359375 0.8546875
2 0.4609375 0.509375 0.4640625 0.5078125 0.4703125 0.509375 0.4671875 0.51875 0.4609375 0.521875 0.4578125 0.521875 0.4609375 0.5109375
2 0.22421875 0.45859375 0.02041015625 0.025
2 0.240625 0.7953125 0.24375 0.8046875 0.2390625 0.815625 0.2328125 0.8109375 0.2203125 0.79375 0.2203125 0.7921875 0.2359375 0.7921875 0.2390625 0.7953125
2 0.1515625 0.5265625 0.15625 0.525 0.159375 0.5203125 0.1640625 0.51875 0.1703125 0.5125 0.1703125 0.521875 0.15625 0.53125 0.134375 0.553125 0.134375 0.54375 0.1515625 0.528125
2 0.209375 0.546875 0.2140625 0.5546875 0.2125 0.565625 0.203125 0.565625 0.2046875 0.553125 0.2078125 0.5484375
2 0.390625 0.3796875 0.3921875 0.38125 0.396875 0.3796875 0.396875 0.39375 0.390625 0.3953125 0.384375 0.403125 0.3671875 0.415625 0.3609375 0.4171875 0.3578125 0.421875 0.3484375 0.4265625 0.340625 0.434375 0.3375 0.4359375 0.3390625 0.4296875 0.3796875 0.4 0.38125 0.3953125 0.375 0.39375 0.3671875 0.4 0.365625 0.3984375 0.35 0.4078125 0.3453125 0.4078125 0.3359375 0.3984375 0.3296875 0.403125 0.328125 0.4015625 0.3046875 0.4140625 0.3015625 0.41875 0.296875 0.4203125 0.2734375 0.4390625 0.2734375 0.4328125 0.2828125 0.4234375 0.328125 0.39375 0.334375 0.39375 0.3375 0.390625 0.3390625 0.3921875 0.3484375 0.390625 0.3609375 0.384375 0.3640625 0.3859375 0.3765625 0.38125 0.3890625 0.3796875
2 0.29375 0.6171875 0.2953125 0.61875 0.29375 0.6359375 0.290625 0.6359375 0.2921875 0.61875
2 0.384375 0.365625 0.3671875 0.40625 0.3625 0.409375 0.3546875 0.428125 0.3515625 0.4296875 0.3515625 0.434375 0.3375 0.453125 0.3296875 0.475 0.325 0.478125 0.3171875 0.478125 0.3265625 0.4625 0.33125 0.4453125 0.34375 0.428125 0.365625 0.3890625 0.3640625 0.3828125 0.3609375 0.3828125 0.359375 0.3859375 0.3546875 0.3828125 0.35 0.384375 0.3484375 0.3875 0.353125 0.390625 0.353125 0.39375 0.3484375 0.3984375 0.3484375 0.403125 0.3421875 0.4046875 0.3375 0.4015625 0.3375 0.3953125 0.34375 0.39375 0.34375 0.3875 0.346875 0.3828125 0.365625 0.365625 0.3828125 0.365625
2 0.490625 0.5 0.4984375 0.5 0.4984375 0.5046875 0.49375 0.5078125 0.4828125 0.5078125 0.490625 0.5015625
2 0.446875 0.8875 0.4609375 0.8859375 0.4609375 0.89375 0.4515625 0.8921875 0.4484375 0.8890625
2 0.253125 0.521875 0.253125 0.53125 0.246875 0.5390625 0.2421875 0.5390625 0.2421875 0.5359375 0.2515625 0.5234375
2 0.1875 0.559375 0.190625 0.5609375 0.190625 0.5765625 0.1859375 0.578125 0.1828125 0.56875 0.1875 0.5609375
2 0.384375 0.4546875 0.3875 0.44375 0.39375 0.4328125 0.396875 0.43125 0.396875 0.4375 0.390625 0.4546875 0.3875 0.4578125 0.3859375 0.4671875 0.3828125 0.4671875 0.3828125 0.4609375 0.3859375 0.45625
2 0.3 0.83125 0.3046875 0.834375 0.3140625 0.853125 0.30625 0.853125 0.2984375 0.8453125 0.296875 0.8375 0.2984375 0.8328125
2 0.234375 0.528125 0.234375 0.5359375 0.2296875 0.54375 0.228125 0.553125 0.2140625 0.575 0.209375 0.5765625 0.2125 0.5625 0.209375 0.559375 0.2078125 0.5640625 0.2046875 0.5640625 0.20625 0.5546875 0.2109375 0.55 0.2109375 0.5546875 0.2140625 0.5578125 0.225 0.5421875 0.2265625 0.5359375 0.2328125 0.5296875
2 0.3484375 0.571875 0.3515625 0.56875 0.3484375 0.5734375 0.35 0.5765625 0.3484375 0.5890625 0.340625 0.5875 0.3375 0.584375 0.3375 0.58125 0.3484375 0.5734375
2 0.4265625 0.4375 0.4296875 0.4375 0.428125 0.4515625 0.421875 0.459375 0.4140625 0.459375 0.4171875 0.45 0.4265625 0.4390625
2 0.278125 0.625 0.275 0.640625 0.2703125 0.646875 0.26875 0.6515625 0.2703125 0.653125 0.2640625 0.6640625 0.2609375 0.6796875 0.259375 0.6796875 0.2609375 0.671875 0.259375 0.6625 0.2625 0.6546875 0.2609375 0.6484375 0.2640625 0.6453125 0.26875 0.6296875 0.2765625 0.625
2 0.3171875 0.453125 0.3328125 0.4375 0.3375 0.4359375 0.3375 0.446875 0.31875 0.465625 0.296875 0.4765625 0.3 0.4671875 0.3046875 0.465625 0.3171875 0.4546875
2 0.134375 0.5875 0.1328125 0.6015625 0.1296875 0.6 0.13125 0.596875 0.1296875 0.59375 0.1328125 0.5890625
2 0.265625 0.684375 0.265625 0.703125 0.2625 0.709375 0.25625 0.7125 0.25625 0.703125 0.2640625 0.6859375
2 0.4765625 0.5171875 0.4859375 0.5171875 0.4921875 0.5203125 0.4921875 0.521875 0.48125 0.521875 0.4765625 0.51875
2 0.33125 0.5671875 0.3328125 0.5796875 0.3203125 0.5734375 0.321875 0.56875 0.3296875 0.5671875
2 0.2375 0.4421875 0.2359375 0.453125 0.2375 0.4640625 0.2328125 0.46875 0.215625 0.4703125 0.215625 0.465625 0.2203125 0.4578125 0.225 0.4546875 0.2296875 0.4453125 0.2359375 0.44375
2 0.4546875 0.5078125 0.4546875 0.515625 0.4515625 0.5203125 0.4453125 0.5234375 0.4453125 0.51875 0.453125 0.509375
2 0.259375 0.4390625 0.271875 0.434375 0.271875 0.44375 0.2578125 0.465625 0.2484375 0.465625 0.246875 0.4578125 0.25 0.4546875 0.25 0.45 0.259375 0.440625
2 0.2578125 0.6765625 0.2609375 0.690625 0.2609375 0.709375 0.2546875 0.7078125 0.2546875 0.696875 0.2578125 0.6921875 0.25625 0.690625 0.2578125 0.678125
2 0.1984375 0.7859375 0.2046875 0.7875 0.2125 0.79375 0.2203125 0.7953125 0.23125 0.79375 0.24375 0.8 0.2734375 0.81875 0.28125 0.8265625 0.284375 0.825 0.2890625 0.83125 0.303125 0.8359375 0.3140625 0.8515625 0.3140625 0.8546875 0.309375 0.8546875 0.28125 0.8375 0.2765625 0.8390625 0.2640625 0.834375 0.2453125 0.821875 0.2359375 0.81875 0.2328125 0.8140625 0.2203125 0.80625 0.215625 0.7984375 0.20625 0.796875 0.203125 0.7921875 0.1984375 0.7921875 0.196875 0.790625 0.1984375 0.7875
2 0.1984375 0.48125 0.2 0.484375 0.1953125 0.4953125 0.1875 0.5078125 0.1828125 0.5125 0.1796875 0.5125 0.18125 0.5046875 0.1921875 0.4921875 0.190625 0.490625 0.19375 0.4859375 0.1984375 0.4828125
2 0.26171875 0.4515625 0.025 0.034375
2 0.0671875 0.5796875 0.065625 0.5953125 0.0625 0.596875 0.059375 0.603125 0.0578125 0.6046875 0.0546875 0.603125 0.059375 0.59375 0.059375 0.5890625 0.065625 0.58125
2 0.24609375 0.45390625 0.02666015625 0.028125
2 0.39296875 0.55 0.01396484375 0.01572265625
2 0.3890625 0.4140625 0.3890625 0.41875 0.384375 0.4234375 0.378125 0.4375 0.3703125 0.4390625 0.3796875 0.4234375 0.3875 0.415625
2 0.7921875 0.440625 0.803125 0.4421875 0.809375 0.440625 0.8140625 0.44375 0.85625 0.4484375 0.859375 0.4515625 0.8703125 0.4515625 0.8921875 0.4578125 0.8921875 0.4625 0.878125 0.4609375 0.8671875 0.45625 0.8640625 0.4578125 0.85625 0.4546875 0.846875 0.4546875 0.828125 0.4484375 0.7984375 0.4453125 0.79375 0.4421875
2 0.3546875 0.571875 0.3609375 0.5796875 0.365625 0.58125 0.365625 0.584375 0.359375 0.584375 0.3515625 0.5765625 0.353125 0.5734375
2 0.509375 0.5 0.5109375 0.4984375 0.5140625 0.5 0.5140625 0.509375 0.5109375 0.509375 0.509375 0.5078125 0.5109375 0.5015625
2 0.4671875 0.509375 0.4671875 0.515625 0.4625 0.5234375 0.4484375 0.521875 0.4546875 0.5109375 0.465625 0.509375
2 0.2328125 0.5296875 0.23125 0.5421875 0.2203125 0.565625 0.2171875 0.565625 0.215625 0.5625 0.2171875 0.55 0.23125 0.53125
2 0.3390625 0.59375 0.340625 0.6 0.3359375 0.60625 0.3359375 0.6140625 0.3296875 0.625 0.3234375 0.625 0.3234375 0.6171875 0.3265625 0.6109375 0.325 0.6078125 0.328125 0.6046875 0.3296875 0.596875 0.3328125 0.59375 0.3375 0.59375
2 0.3359375 0.3890625 0.3328125 0.3953125 0.309375 0.4171875 0.303125 0.428125 0.2953125 0.4359375 0.2921875 0.4453125 0.284375 0.453125 0.2859375 0.4546875 0.2796875 0.4546875 0.28125 0.4484375 0.2984375 0.421875 0.3265625 0.390625 0.334375 0.3890625
2 0.35625 0.465625 0.35625 0.4734375 0.35 0.4765625 0.34375 0.475 0.346875 0.4703125 0.3546875 0.4671875
2 0.365625 0.8609375 0.365625 0.871875 0.359375 0.871875 0.359375 0.8625 0.3640625 0.8609375
2 0.2609375 0.4890625 0.2625 0.4890625 0.2625 0.4984375 0.2578125 0.5109375 0.2515625 0.5125 0.25 0.509375 0.2609375 0.490625
2 0.6953125 0.4140625 0.7171875 0.41875 0.734375 0.428125 0.7109375 0.4265625 0.6984375 0.4234375 0.6953125 0.4203125 0.6796875 0.4171875 0.6765625 0.41875 0.665625 0.415625 0.6546875 0.4171875 0.653125 0.415625 0.6546875 0.4140625 0.69375 0.4140625
2 0.2390625 0.4421875 0.24375 0.44375 0.246875 0.4484375 0.246875 0.4546875 0.240625 0.4609375 0.2390625 0.465625 0.23125 0.4703125 0.2140625 0.4671875 0.2140625 0.4609375 0.221875 0.453125 0.225 0.453125 0.2328125 0.44375 0.2375 0.4421875
2 0.2625 0.65 0.265625 0.646875 0.26875 0.6296875 0.2734375 0.625 0.278125 0.625 0.2765625 0.6296875 0.278125 0.63125 0.275 0.634375 0.275 0.6390625 0.2703125 0.6484375 0.271875 0.6515625 0.2671875 0.6625 0.2640625 0.6640625 0.2640625 0.6515625
2 0.4890625 0.490625 0.490625 0.4921875 0.4828125 0.503125 0.4859375 0.50625 0.5078125 0.5078125 0.4984375 0.5140625 0.484375 0.51875 0.484375 0.521875 0.4890625 0.525 0.490625 0.5296875 0.478125 0.525 0.4734375 0.5203125 0.4671875 0.5203125 0.4515625 0.53125 0.4390625 0.53125 0.434375 0.5265625 0.453125 0.509375 0.4578125 0.5078125 0.46875 0.509375 0.4875 0.490625
2 0.2546875 0.4453125 0.253125 0.4546875 0.2421875 0.465625 0.2328125 0.4671875 0.2328125 0.4640625 0.2421875 0.4546875 0.2453125 0.4546875 0.25 0.446875 0.253125 0.446875
2 0.0984375 0.571875 0.1015625 0.5734375 0.1015625 0.5828125 0.0921875 0.58125 0.09375 0.575 0.096875 0.5734375
2 0.39375 0.365625 0.3953125 0.3703125 0.38125 0.3921875 0.378125 0.4015625 0.3703125 0.4078125 0.3671875 0.415625 0.359375 0.421875 0.3609375 0.4234375 0.3484375 0.440625 0.340625 0.440625 0.340625 0.4375 0.35625 0.4171875 0.359375 0.409375 0.3671875 0.4015625 0.375 0.3859375 0.36875 0.378125 0.365625 0.378125 0.3796875 0.3671875 0.3921875 0.365625
2 0.4828125 0.4875 0.484375 0.4921875 0.478125 0.503125 0.471875 0.5109375 0.4671875 0.5109375 0.4671875 0.5078125 0.4828125 0.4890625
2 0.3265625 0.59375 0.33125 0.59375 0.334375 0.590625 0.3359375 0.596875 0.334375 0.6 0.3359375 0.603125 0.3328125 0.6046875 0.33125 0.61875 0.33125 0.634375 0.3328125 0.6359375 0.33125 0.640625 0.3328125 0.6421875 0.33125 0.6515625 0.328125 0.6515625 0.3265625 0.634375 0.321875 0.621875 0.3234375 0.6109375 0.321875 0.6078125 0.325 0.6046875 0.3234375 0.6015625 0.3265625 0.5953125
2 0.215625 0.590625 0.215625 0.5984375 0.2125 0.6 0.2125 0.603125 0.2078125 0.60625 0.2078125 0.596875 0.209375 0.59375 0.2140625 0.5921875
2 0.346875 0.5796875 0.3484375 0.571875 0.3546875 0.565625 0.3578125 0.5671875 0.353125 0.5765625 0.346875 0.58125
2 0.2546875 0.828125 0.253125 0.821875 0.2578125 0.8125 0.2640625 0.8171875 0.2640625 0.8296875 0.25625 0.828125
2 0.2703125 0.8203125 0.275 0.8203125 0.2765625 0.8234375 0.2765625 0.8359375 0.2734375 0.8359375 0.2703125 0.8328125 0.2703125 0.821875